 0.00000000e+00  7.85740377e+01 
 1.00000000e-03  7.85738214e+01 
 2.00000000e-03  7.85736019e+01 
 3.00000000e-03  7.85733791e+01 
 4.00000000e-03  7.85731530e+01 
 5.00000000e-03  7.85729235e+01 
 6.00000000e-03  7.85726906e+01 
 7.00000000e-03  7.85724542e+01 
 8.00000000e-03  7.85722143e+01 
 9.00000000e-03  7.85719708e+01 
 1.00000000e-02  7.85717237e+01 
 1.10000000e-02  7.85714729e+01 
 1.20000000e-02  7.85712184e+01 
 1.30000000e-02  7.85709600e+01 
 1.40000000e-02  7.85706979e+01 
 1.50000000e-02  7.85704318e+01 
 1.60000000e-02  7.85701617e+01 
 1.70000000e-02  7.85698876e+01 
 1.80000000e-02  7.85696094e+01 
 1.90000000e-02  7.85693271e+01 
 2.00000000e-02  7.85690405e+01 
 2.10000000e-02  7.85687497e+01 
 2.20000000e-02  7.85684546e+01 
 2.30000000e-02  7.85681550e+01 
 2.40000000e-02  7.85678510e+01 
 2.50000000e-02  7.85675424e+01 
 2.60000000e-02  7.85672293e+01 
 2.70000000e-02  7.85669114e+01 
 2.80000000e-02  7.85665889e+01 
 2.90000000e-02  7.85662615e+01 
 3.00000000e-02  7.85659292e+01 
 3.10000000e-02  7.85655920e+01 
 3.20000000e-02  7.85652498e+01 
 3.30000000e-02  7.85649024e+01 
 3.40000000e-02  7.85645499e+01 
 3.50000000e-02  7.85641921e+01 
 3.60000000e-02  7.85638290e+01 
 3.70000000e-02  7.85634605e+01 
 3.80000000e-02  7.85630865e+01 
 3.90000000e-02  7.85627069e+01 
 4.00000000e-02  7.85623216e+01 
 4.10000000e-02  7.85619306e+01 
 4.20000000e-02  7.85615338e+01 
 4.30000000e-02  7.85611310e+01 
 4.40000000e-02  7.85607223e+01 
 4.50000000e-02  7.85603075e+01 
 4.60000000e-02  7.85598864e+01 
 4.70000000e-02  7.85594591e+01 
 4.80000000e-02  7.85590255e+01 
 4.90000000e-02  7.85585853e+01 
 5.00000000e-02  7.85581386e+01 
 5.10000000e-02  7.85576853e+01 
 5.20000000e-02  7.85572252e+01 
 5.30000000e-02  7.85567582e+01 
 5.40000000e-02  7.85562843e+01 
 5.50000000e-02  7.85558033e+01 
 5.60000000e-02  7.85553152e+01 
 5.70000000e-02  7.85548198e+01 
 5.80000000e-02  7.85543169e+01 
 5.90000000e-02  7.85538067e+01 
 6.00000000e-02  7.85532887e+01 
 6.10000000e-02  7.85527631e+01 
 6.20000000e-02  7.85522297e+01 
 6.30000000e-02  7.85516883e+01 
 6.40000000e-02  7.85511388e+01 
 6.50000000e-02  7.85505812e+01 
 6.60000000e-02  7.85500152e+01 
 6.70000000e-02  7.85494408e+01 
 6.80000000e-02  7.85488579e+01 
 6.90000000e-02  7.85482662e+01 
 7.00000000e-02  7.85476658e+01 
 7.10000000e-02  7.85470564e+01 
 7.20000000e-02  7.85464380e+01 
 7.30000000e-02  7.85458103e+01 
 7.40000000e-02  7.85451733e+01 
 7.50000000e-02  7.85445268e+01 
 7.60000000e-02  7.85438706e+01 
 7.70000000e-02  7.85432047e+01 
 7.80000000e-02  7.85425289e+01 
 7.90000000e-02  7.85418430e+01 
 8.00000000e-02  7.85411469e+01 
 8.10000000e-02  7.85404404e+01 
 8.20000000e-02  7.85397235e+01 
 8.30000000e-02  7.85389958e+01 
 8.40000000e-02  7.85382573e+01 
 8.50000000e-02  7.85375078e+01 
 8.60000000e-02  7.85367472e+01 
 8.70000000e-02  7.85359752e+01 
 8.80000000e-02  7.85351918e+01 
 8.90000000e-02  7.85343967e+01 
 9.00000000e-02  7.85335897e+01 
 9.10000000e-02  7.85327707e+01 
 9.20000000e-02  7.85319396e+01 
 9.30000000e-02  7.85310961e+01 
 9.40000000e-02  7.85302400e+01 
 9.50000000e-02  7.85293712e+01 
 9.60000000e-02  7.85284895e+01 
 9.70000000e-02  7.85275946e+01 
 9.80000000e-02  7.85266865e+01 
 9.90000000e-02  7.85257648e+01 
 1.00000000e-01  7.85248294e+01 
 1.01000000e-01  7.85238801e+01 
 1.02000000e-01  7.85229167e+01 
 1.03000000e-01  7.85219389e+01 
 1.04000000e-01  7.85209466e+01 
 1.05000000e-01  7.85199396e+01 
 1.06000000e-01  7.85189175e+01 
 1.07000000e-01  7.85178803e+01 
 1.08000000e-01  7.85168277e+01 
 1.09000000e-01  7.85157594e+01 
 1.10000000e-01  7.85146752e+01 
 1.11000000e-01  7.85135749e+01 
 1.12000000e-01  7.85124582e+01 
 1.13000000e-01  7.85113250e+01 
 1.14000000e-01  7.85101748e+01 
 1.15000000e-01  7.85090076e+01 
 1.16000000e-01  7.85078231e+01 
 1.17000000e-01  7.85066210e+01 
 1.18000000e-01  7.85054009e+01 
 1.19000000e-01  7.85041628e+01 
 1.20000000e-01  7.85029063e+01 
 1.21000000e-01  7.85016311e+01 
 1.22000000e-01  7.85003369e+01 
 1.23000000e-01  7.84990235e+01 
 1.24000000e-01  7.84976907e+01 
 1.25000000e-01  7.84963380e+01 
 1.26000000e-01  7.84949652e+01 
 1.27000000e-01  7.84935721e+01 
 1.28000000e-01  7.84921582e+01 
 1.29000000e-01  7.84907234e+01 
 1.30000000e-01  7.84892673e+01 
 1.31000000e-01  7.84877895e+01 
 1.32000000e-01  7.84862898e+01 
 1.33000000e-01  7.84847679e+01 
 1.34000000e-01  7.84832233e+01 
 1.35000000e-01  7.84816559e+01 
 1.36000000e-01  7.84800652e+01 
 1.37000000e-01  7.84784509e+01 
 1.38000000e-01  7.84768126e+01 
 1.39000000e-01  7.84751500e+01 
 1.40000000e-01  7.84734628e+01 
 1.41000000e-01  7.84717505e+01 
 1.42000000e-01  7.84700129e+01 
 1.43000000e-01  7.84682495e+01 
 1.44000000e-01  7.84664599e+01 
 1.45000000e-01  7.84646438e+01 
 1.46000000e-01  7.84628008e+01 
 1.47000000e-01  7.84609305e+01 
 1.48000000e-01  7.84590324e+01 
 1.49000000e-01  7.84571063e+01 
 1.50000000e-01  7.84551515e+01 
 1.51000000e-01  7.84531679e+01 
 1.52000000e-01  7.84511548e+01 
 1.53000000e-01  7.84491119e+01 
 1.54000000e-01  7.84470388e+01 
 1.55000000e-01  7.84449349e+01 
 1.56000000e-01  7.84427999e+01 
 1.57000000e-01  7.84406333e+01 
 1.58000000e-01  7.84384346e+01 
 1.59000000e-01  7.84362034e+01 
 1.60000000e-01  7.84339391e+01 
 1.61000000e-01  7.84316414e+01 
 1.62000000e-01  7.84293096e+01 
 1.63000000e-01  7.84269434e+01 
 1.64000000e-01  7.84245421e+01 
 1.65000000e-01  7.84221053e+01 
 1.66000000e-01  7.84196325e+01 
 1.67000000e-01  7.84171232e+01 
 1.68000000e-01  7.84145767e+01 
 1.69000000e-01  7.84119926e+01 
 1.70000000e-01  7.84093703e+01 
 1.71000000e-01  7.84067093e+01 
 1.72000000e-01  7.84040089e+01 
 1.73000000e-01  7.84012687e+01 
 1.74000000e-01  7.83984879e+01 
 1.75000000e-01  7.83956661e+01 
 1.76000000e-01  7.83928027e+01 
 1.77000000e-01  7.83898970e+01 
 1.78000000e-01  7.83869483e+01 
 1.79000000e-01  7.83839562e+01 
 1.80000000e-01  7.83809199e+01 
 1.81000000e-01  7.83778388e+01 
 1.82000000e-01  7.83747123e+01 
 1.83000000e-01  7.83715397e+01 
 1.84000000e-01  7.83683203e+01 
 1.85000000e-01  7.83650534e+01 
 1.86000000e-01  7.83617384e+01 
 1.87000000e-01  7.83583745e+01 
 1.88000000e-01  7.83549611e+01 
 1.89000000e-01  7.83514973e+01 
 1.90000000e-01  7.83479826e+01 
 1.91000000e-01  7.83444161e+01 
 1.92000000e-01  7.83407971e+01 
 1.93000000e-01  7.83371249e+01 
 1.94000000e-01  7.83333986e+01 
 1.95000000e-01  7.83296175e+01 
 1.96000000e-01  7.83257807e+01 
 1.97000000e-01  7.83218876e+01 
 1.98000000e-01  7.83179372e+01 
 1.99000000e-01  7.83139287e+01 
 2.00000000e-01  7.83098613e+01 
 2.01000000e-01  7.83057342e+01 
 2.02000000e-01  7.83015464e+01 
 2.03000000e-01  7.82972972e+01 
 2.04000000e-01  7.82929855e+01 
 2.05000000e-01  7.82886106e+01 
 2.06000000e-01  7.82841715e+01 
 2.07000000e-01  7.82796673e+01 
 2.08000000e-01  7.82750969e+01 
 2.09000000e-01  7.82704596e+01 
 2.10000000e-01  7.82657543e+01 
 2.11000000e-01  7.82609801e+01 
 2.12000000e-01  7.82561359e+01 
 2.13000000e-01  7.82512207e+01 
 2.14000000e-01  7.82462336e+01 
 2.15000000e-01  7.82411735e+01 
 2.16000000e-01  7.82360393e+01 
 2.17000000e-01  7.82308301e+01 
 2.18000000e-01  7.82255446e+01 
 2.19000000e-01  7.82201819e+01 
 2.20000000e-01  7.82147408e+01 
 2.21000000e-01  7.82092202e+01 
 2.22000000e-01  7.82036189e+01 
 2.23000000e-01  7.81979359e+01 
 2.24000000e-01  7.81921699e+01 
 2.25000000e-01  7.81863197e+01 
 2.26000000e-01  7.81803843e+01 
 2.27000000e-01  7.81743623e+01 
 2.28000000e-01  7.81682525e+01 
 2.29000000e-01  7.81620536e+01 
 2.30000000e-01  7.81557645e+01 
 2.31000000e-01  7.81493838e+01 
 2.32000000e-01  7.81429103e+01 
 2.33000000e-01  7.81363425e+01 
 2.34000000e-01  7.81296792e+01 
 2.35000000e-01  7.81229191e+01 
 2.36000000e-01  7.81160607e+01 
 2.37000000e-01  7.81091026e+01 
 2.38000000e-01  7.81020436e+01 
 2.39000000e-01  7.80948820e+01 
 2.40000000e-01  7.80876166e+01 
 2.41000000e-01  7.80802458e+01 
 2.42000000e-01  7.80727681e+01 
 2.43000000e-01  7.80651821e+01 
 2.44000000e-01  7.80574863e+01 
 2.45000000e-01  7.80496790e+01 
 2.46000000e-01  7.80417587e+01 
 2.47000000e-01  7.80337239e+01 
 2.48000000e-01  7.80255729e+01 
 2.49000000e-01  7.80173041e+01 
 2.50000000e-01  7.80089159e+01 
 2.51000000e-01  7.80004066e+01 
 2.52000000e-01  7.79917746e+01 
 2.53000000e-01  7.79830181e+01 
 2.54000000e-01  7.79741353e+01 
 2.55000000e-01  7.79651246e+01 
 2.56000000e-01  7.79559841e+01 
 2.57000000e-01  7.79467121e+01 
 2.58000000e-01  7.79373068e+01 
 2.59000000e-01  7.79277663e+01 
 2.60000000e-01  7.79180887e+01 
 2.61000000e-01  7.79082721e+01 
 2.62000000e-01  7.78983147e+01 
 2.63000000e-01  7.78882144e+01 
 2.64000000e-01  7.78779695e+01 
 2.65000000e-01  7.78675777e+01 
 2.66000000e-01  7.78570372e+01 
 2.67000000e-01  7.78463459e+01 
 2.68000000e-01  7.78355018e+01 
 2.69000000e-01  7.78245027e+01 
 2.70000000e-01  7.78133466e+01 
 2.71000000e-01  7.78020312e+01 
 2.72000000e-01  7.77905546e+01 
 2.73000000e-01  7.77789144e+01 
 2.74000000e-01  7.77671084e+01 
 2.75000000e-01  7.77551345e+01 
 2.76000000e-01  7.77429903e+01 
 2.77000000e-01  7.77306735e+01 
 2.78000000e-01  7.77181819e+01 
 2.79000000e-01  7.77055130e+01 
 2.80000000e-01  7.76926645e+01 
 2.81000000e-01  7.76796341e+01 
 2.82000000e-01  7.76664191e+01 
 2.83000000e-01  7.76530173e+01 
 2.84000000e-01  7.76394261e+01 
 2.85000000e-01  7.76256429e+01 
 2.86000000e-01  7.76116653e+01 
 2.87000000e-01  7.75974907e+01 
 2.88000000e-01  7.75831164e+01 
 2.89000000e-01  7.75685398e+01 
 2.90000000e-01  7.75537583e+01 
 2.91000000e-01  7.75387691e+01 
 2.92000000e-01  7.75235696e+01 
 2.93000000e-01  7.75081569e+01 
 2.94000000e-01  7.74925283e+01 
 2.95000000e-01  7.74766810e+01 
 2.96000000e-01  7.74606122e+01 
 2.97000000e-01  7.74443189e+01 
 2.98000000e-01  7.74277982e+01 
 2.99000000e-01  7.74110472e+01 
 3.00000000e-01  7.73940630e+01 
 3.01000000e-01  7.73768425e+01 
 3.02000000e-01  7.73593826e+01 
 3.03000000e-01  7.73416804e+01 
 3.04000000e-01  7.73237328e+01 
 3.05000000e-01  7.73055365e+01 
 3.06000000e-01  7.72870885e+01 
 3.07000000e-01  7.72683855e+01 
 3.08000000e-01  7.72494244e+01 
 3.09000000e-01  7.72302018e+01 
 3.10000000e-01  7.72107145e+01 
 3.11000000e-01  7.71909591e+01 
 3.12000000e-01  7.71709324e+01 
 3.13000000e-01  7.71506309e+01 
 3.14000000e-01  7.71300511e+01 
 3.15000000e-01  7.71091897e+01 
 3.16000000e-01  7.70880432e+01 
 3.17000000e-01  7.70666080e+01 
 3.18000000e-01  7.70448807e+01 
 3.19000000e-01  7.70228575e+01 
 3.20000000e-01  7.70005349e+01 
 3.21000000e-01  7.69779093e+01 
 3.22000000e-01  7.69549770e+01 
 3.23000000e-01  7.69317343e+01 
 3.24000000e-01  7.69081774e+01 
 3.25000000e-01  7.68843025e+01 
 3.26000000e-01  7.68601059e+01 
 3.27000000e-01  7.68355837e+01 
 3.28000000e-01  7.68107321e+01 
 3.29000000e-01  7.67855471e+01 
 3.30000000e-01  7.67600249e+01 
 3.31000000e-01  7.67341614e+01 
 3.32000000e-01  7.67079526e+01 
 3.33000000e-01  7.66813947e+01 
 3.34000000e-01  7.66544834e+01 
 3.35000000e-01  7.66272147e+01 
 3.36000000e-01  7.65995846e+01 
 3.37000000e-01  7.65715887e+01 
 3.38000000e-01  7.65432231e+01 
 3.39000000e-01  7.65144835e+01 
 3.40000000e-01  7.64853657e+01 
 3.41000000e-01  7.64558653e+01 
 3.42000000e-01  7.64259782e+01 
 3.43000000e-01  7.63957000e+01 
 3.44000000e-01  7.63650264e+01 
 3.45000000e-01  7.63339530e+01 
 3.46000000e-01  7.63024755e+01 
 3.47000000e-01  7.62705894e+01 
 3.48000000e-01  7.62382903e+01 
 3.49000000e-01  7.62055738e+01 
 3.50000000e-01  7.61724353e+01 
 3.51000000e-01  7.61388703e+01 
 3.52000000e-01  7.61048744e+01 
 3.53000000e-01  7.60704429e+01 
 3.54000000e-01  7.60355714e+01 
 3.55000000e-01  7.60002552e+01 
 3.56000000e-01  7.59644897e+01 
 3.57000000e-01  7.59282703e+01 
 3.58000000e-01  7.58915924e+01 
 3.59000000e-01  7.58544512e+01 
 3.60000000e-01  7.58168422e+01 
 3.61000000e-01  7.57787606e+01 
 3.62000000e-01  7.57402018e+01 
 3.63000000e-01  7.57011610e+01 
 3.64000000e-01  7.56616336e+01 
 3.65000000e-01  7.56216147e+01 
 3.66000000e-01  7.55810996e+01 
 3.67000000e-01  7.55400837e+01 
 3.68000000e-01  7.54985620e+01 
 3.69000000e-01  7.54565300e+01 
 3.70000000e-01  7.54139827e+01 
 3.71000000e-01  7.53709155e+01 
 3.72000000e-01  7.53273235e+01 
 3.73000000e-01  7.52832021e+01 
 3.74000000e-01  7.52385464e+01 
 3.75000000e-01  7.51933516e+01 
 3.76000000e-01  7.51476131e+01 
 3.77000000e-01  7.51013260e+01 
 3.78000000e-01  7.50544856e+01 
 3.79000000e-01  7.50070872e+01 
 3.80000000e-01  7.49591260e+01 
 3.81000000e-01  7.49105974e+01 
 3.82000000e-01  7.48614965e+01 
 3.83000000e-01  7.48118188e+01 
 3.84000000e-01  7.47615596e+01 
 3.85000000e-01  7.47107142e+01 
 3.86000000e-01  7.46592780e+01 
 3.87000000e-01  7.46072464e+01 
 3.88000000e-01  7.45546148e+01 
 3.89000000e-01  7.45013787e+01 
 3.90000000e-01  7.44475335e+01 
 3.91000000e-01  7.43930748e+01 
 3.92000000e-01  7.43379981e+01 
 3.93000000e-01  7.42822990e+01 
 3.94000000e-01  7.42259731e+01 
 3.95000000e-01  7.41690161e+01 
 3.96000000e-01  7.41114237e+01 
 3.97000000e-01  7.40531916e+01 
 3.98000000e-01  7.39943156e+01 
 3.99000000e-01  7.39347916e+01 
 4.00000000e-01  7.38746155e+01 
 4.01000000e-01  7.38137832e+01 
 4.02000000e-01  7.37522908e+01 
 4.03000000e-01  7.36901342e+01 
 4.04000000e-01  7.36273098e+01 
 4.05000000e-01  7.35638136e+01 
 4.06000000e-01  7.34996419e+01 
 4.07000000e-01  7.34347911e+01 
 4.08000000e-01  7.33692576e+01 
 4.09000000e-01  7.33030379e+01 
 4.10000000e-01  7.32361285e+01 
 4.11000000e-01  7.31685261e+01 
 4.12000000e-01  7.31002275e+01 
 4.13000000e-01  7.30312295e+01 
 4.14000000e-01  7.29615290e+01 
 4.15000000e-01  7.28911229e+01 
 4.16000000e-01  7.28200085e+01 
 4.17000000e-01  7.27481830e+01 
 4.18000000e-01  7.26756435e+01 
 4.19000000e-01  7.26023877e+01 
 4.20000000e-01  7.25284129e+01 
 4.21000000e-01  7.24537169e+01 
 4.22000000e-01  7.23782973e+01 
 4.23000000e-01  7.23021521e+01 
 4.24000000e-01  7.22252793e+01 
 4.25000000e-01  7.21476769e+01 
 4.26000000e-01  7.20693433e+01 
 4.27000000e-01  7.19902768e+01 
 4.28000000e-01  7.19104759e+01 
 4.29000000e-01  7.18299393e+01 
 4.30000000e-01  7.17486657e+01 
 4.31000000e-01  7.16666542e+01 
 4.32000000e-01  7.15839037e+01 
 4.33000000e-01  7.15004136e+01 
 4.34000000e-01  7.14161831e+01 
 4.35000000e-01  7.13312119e+01 
 4.36000000e-01  7.12454996e+01 
 4.37000000e-01  7.11590461e+01 
 4.38000000e-01  7.10718514e+01 
 4.39000000e-01  7.09839157e+01 
 4.40000000e-01  7.08952393e+01 
 4.41000000e-01  7.08058229e+01 
 4.42000000e-01  7.07156671e+01 
 4.43000000e-01  7.06247727e+01 
 4.44000000e-01  7.05331410e+01 
 4.45000000e-01  7.04407731e+01 
 4.46000000e-01  7.03476704e+01 
 4.47000000e-01  7.02538347e+01 
 4.48000000e-01  7.01592677e+01 
 4.49000000e-01  7.00639714e+01 
 4.50000000e-01  6.99679482e+01 
 4.51000000e-01  6.98712003e+01 
 4.52000000e-01  6.97737304e+01 
 4.53000000e-01  6.96755413e+01 
 4.54000000e-01  6.95766361e+01 
 4.55000000e-01  6.94770179e+01 
 4.56000000e-01  6.93766903e+01 
 4.57000000e-01  6.92756569e+01 
 4.58000000e-01  6.91739216e+01 
 4.59000000e-01  6.90714884e+01 
 4.60000000e-01  6.89683616e+01 
 4.61000000e-01  6.88645458e+01 
 4.62000000e-01  6.87600458e+01 
 4.63000000e-01  6.86548664e+01 
 4.64000000e-01  6.85490128e+01 
 4.65000000e-01  6.84424905e+01 
 4.66000000e-01  6.83353051e+01 
 4.67000000e-01  6.82274625e+01 
 4.68000000e-01  6.81189686e+01 
 4.69000000e-01  6.80098292e+01 
 4.70000000e-01  6.79000495e+01 
 4.71000000e-01  6.77896383e+01 
 4.72000000e-01  6.76786024e+01 
 4.73000000e-01  6.75669492e+01 
 4.74000000e-01  6.74546860e+01 
 4.75000000e-01  6.73418205e+01 
 4.76000000e-01  6.72283606e+01 
 4.77000000e-01  6.71143144e+01 
 4.78000000e-01  6.69996903e+01 
 4.79000000e-01  6.68844968e+01 
 4.80000000e-01  6.67687426e+01 
 4.81000000e-01  6.66524368e+01 
 4.82000000e-01  6.65355887e+01 
 4.83000000e-01  6.64182076e+01 
 4.84000000e-01  6.63003032e+01 
 4.85000000e-01  6.61818853e+01 
 4.86000000e-01  6.60629642e+01 
 4.87000000e-01  6.59435500e+01 
 4.88000000e-01  6.58236532e+01 
 4.89000000e-01  6.57032846e+01 
 4.90000000e-01  6.55824552e+01 
 4.91000000e-01  6.54611759e+01 
 4.92000000e-01  6.53394581e+01 
 4.93000000e-01  6.52173133e+01 
 4.94000000e-01  6.50947533e+01 
 4.95000000e-01  6.49717899e+01 
 4.96000000e-01  6.48484352e+01 
 4.97000000e-01  6.47247014e+01 
 4.98000000e-01  6.46006009e+01 
 4.99000000e-01  6.44761465e+01 
 5.00000000e-01  6.43513508e+01 
 5.01000000e-01  6.42262268e+01 
 5.02000000e-01  6.41007876e+01 
 5.03000000e-01  6.39750465e+01 
 5.04000000e-01  6.38490169e+01 
 5.05000000e-01  6.37227123e+01 
 5.06000000e-01  6.35961464e+01 
 5.07000000e-01  6.34693331e+01 
 5.08000000e-01  6.33422864e+01 
 5.09000000e-01  6.32150203e+01 
 5.10000000e-01  6.30875491e+01 
 5.11000000e-01  6.29598872e+01 
 5.12000000e-01  6.28320489e+01 
 5.13000000e-01  6.27040489e+01 
 5.14000000e-01  6.25759018e+01 
 5.15000000e-01  6.24476224e+01 
 5.16000000e-01  6.23192255e+01 
 5.17000000e-01  6.21907260e+01 
 5.18000000e-01  6.20621390e+01 
 5.19000000e-01  6.19334795e+01 
 5.20000000e-01  6.18047627e+01 
 5.21000000e-01  6.16760038e+01 
 5.22000000e-01  6.15472180e+01 
 5.23000000e-01  6.14184207e+01 
 5.24000000e-01  6.12896272e+01 
 5.25000000e-01  6.11608528e+01 
 5.26000000e-01  6.10321131e+01 
 5.27000000e-01  6.09034233e+01 
 5.28000000e-01  6.07747990e+01 
 5.29000000e-01  6.06462557e+01 
 5.30000000e-01  6.05178087e+01 
 5.31000000e-01  6.03894736e+01 
 5.32000000e-01  6.02612658e+01 
 5.33000000e-01  6.01332007e+01 
 5.34000000e-01  6.00052938e+01 
 5.35000000e-01  5.98775604e+01 
 5.36000000e-01  5.97500159e+01 
 5.37000000e-01  5.96226757e+01 
 5.38000000e-01  5.94955549e+01 
 5.39000000e-01  5.93686688e+01 
 5.40000000e-01  5.92420325e+01 
 5.41000000e-01  5.91156612e+01 
 5.42000000e-01  5.89895699e+01 
 5.43000000e-01  5.88637735e+01 
 5.44000000e-01  5.87382870e+01 
 5.45000000e-01  5.86131250e+01 
 5.46000000e-01  5.84883023e+01 
 5.47000000e-01  5.83638335e+01 
 5.48000000e-01  5.82397331e+01 
 5.49000000e-01  5.81160155e+01 
 5.50000000e-01  5.79926950e+01 
 5.51000000e-01  5.78697857e+01 
 5.52000000e-01  5.77473016e+01 
 5.53000000e-01  5.76252568e+01 
 5.54000000e-01  5.75036649e+01 
 5.55000000e-01  5.73825397e+01 
 5.56000000e-01  5.72618945e+01 
 5.57000000e-01  5.71417429e+01 
 5.58000000e-01  5.70220980e+01 
 5.59000000e-01  5.69029730e+01 
 5.60000000e-01  5.67843806e+01 
 5.61000000e-01  5.66663337e+01 
 5.62000000e-01  5.65488448e+01 
 5.63000000e-01  5.64319264e+01 
 5.64000000e-01  5.63155908e+01 
 5.65000000e-01  5.61998500e+01 
 5.66000000e-01  5.60847160e+01 
 5.67000000e-01  5.59702005e+01 
 5.68000000e-01  5.58563151e+01 
 5.69000000e-01  5.57430711e+01 
 5.70000000e-01  5.56304797e+01 
 5.71000000e-01  5.55185519e+01 
 5.72000000e-01  5.54072987e+01 
 5.73000000e-01  5.52967305e+01 
 5.74000000e-01  5.51868579e+01 
 5.75000000e-01  5.50776911e+01 
 5.76000000e-01  5.49692401e+01 
 5.77000000e-01  5.48615148e+01 
 5.78000000e-01  5.47545249e+01 
 5.79000000e-01  5.46482799e+01 
 5.80000000e-01  5.45427889e+01 
 5.81000000e-01  5.44380612e+01 
 5.82000000e-01  5.43341056e+01 
 5.83000000e-01  5.42309307e+01 
 5.84000000e-01  5.41285450e+01 
 5.85000000e-01  5.40269569e+01 
 5.86000000e-01  5.39261744e+01 
 5.87000000e-01  5.38262053e+01 
 5.88000000e-01  5.37270575e+01 
 5.89000000e-01  5.36287383e+01 
 5.90000000e-01  5.35312551e+01 
 5.91000000e-01  5.34346151e+01 
 5.92000000e-01  5.33388250e+01 
 5.93000000e-01  5.32438916e+01 
 5.94000000e-01  5.31498214e+01 
 5.95000000e-01  5.30566209e+01 
 5.96000000e-01  5.29642961e+01 
 5.97000000e-01  5.28728529e+01 
 5.98000000e-01  5.27822972e+01 
 5.99000000e-01  5.26926346e+01 
 6.00000000e-01  5.26038705e+01 
 6.01000000e-01  5.25160100e+01 
 6.02000000e-01  5.24290583e+01 
 6.03000000e-01  5.23430202e+01 
 6.04000000e-01  5.22579005e+01 
 6.05000000e-01  5.21737036e+01 
 6.06000000e-01  5.20904339e+01 
 6.07000000e-01  5.20080956e+01 
 6.08000000e-01  5.19266928e+01 
 6.09000000e-01  5.18462293e+01 
 6.10000000e-01  5.17667088e+01 
 6.11000000e-01  5.16881350e+01 
 6.12000000e-01  5.16105111e+01 
 6.13000000e-01  5.15338405e+01 
 6.14000000e-01  5.14581262e+01 
 6.15000000e-01  5.13833712e+01 
 6.16000000e-01  5.13095784e+01 
 6.17000000e-01  5.12367503e+01 
 6.18000000e-01  5.11648896e+01 
 6.19000000e-01  5.10939987e+01 
 6.20000000e-01  5.10240798e+01 
 6.21000000e-01  5.09551351e+01 
 6.22000000e-01  5.08871667e+01 
 6.23000000e-01  5.08201763e+01 
 6.24000000e-01  5.07541659e+01 
 6.25000000e-01  5.06891371e+01 
 6.26000000e-01  5.06250915e+01 
 6.27000000e-01  5.05620305e+01 
 6.28000000e-01  5.04999554e+01 
 6.29000000e-01  5.04388676e+01 
 6.30000000e-01  5.03787682e+01 
 6.31000000e-01  5.03196582e+01 
 6.32000000e-01  5.02615387e+01 
 6.33000000e-01  5.02044104e+01 
 6.34000000e-01  5.01482742e+01 
 6.35000000e-01  5.00931307e+01 
 6.36000000e-01  5.00389807e+01 
 6.37000000e-01  4.99858247e+01 
 6.38000000e-01  4.99336630e+01 
 6.39000000e-01  4.98824963e+01 
 6.40000000e-01  4.98323246e+01 
 6.41000000e-01  4.97831485e+01 
 6.42000000e-01  4.97349680e+01 
 6.43000000e-01  4.96877833e+01 
 6.44000000e-01  4.96415945e+01 
 6.45000000e-01  4.95964017e+01 
 6.46000000e-01  4.95522047e+01 
 6.47000000e-01  4.95090037e+01 
 6.48000000e-01  4.94667984e+01 
 6.49000000e-01  4.94255888e+01 
 6.50000000e-01  4.93853746e+01 
 6.51000000e-01  4.93461556e+01 
 6.52000000e-01  4.93079316e+01 
 6.53000000e-01  4.92707022e+01 
 6.54000000e-01  4.92344672e+01 
 6.55000000e-01  4.91992261e+01 
 6.56000000e-01  4.91649786e+01 
 6.57000000e-01  4.91317244e+01 
 6.58000000e-01  4.90994629e+01 
 6.59000000e-01  4.90681937e+01 
 6.60000000e-01  4.90379165e+01 
 6.61000000e-01  4.90086306e+01 
 6.62000000e-01  4.89803356e+01 
 6.63000000e-01  4.89530310e+01 
 6.64000000e-01  4.89267164e+01 
 6.65000000e-01  4.89013911e+01 
 6.66000000e-01  4.88770546e+01 
 6.67000000e-01  4.88537064e+01 
 6.68000000e-01  4.88313460e+01 
 6.69000000e-01  4.88099729e+01 
 6.70000000e-01  4.87895864e+01 
 6.71000000e-01  4.87701861e+01 
 6.72000000e-01  4.87517714e+01 
 6.73000000e-01  4.87343418e+01 
 6.74000000e-01  4.87178967e+01 
 6.75000000e-01  4.87024357e+01 
 6.76000000e-01  4.86879581e+01 
 6.77000000e-01  4.86744636e+01 
 6.78000000e-01  4.86619515e+01 
 6.79000000e-01  4.86504214e+01 
 6.80000000e-01  4.86398728e+01 
 6.81000000e-01  4.86303051e+01 
 6.82000000e-01  4.86217181e+01 
 6.83000000e-01  4.86141111e+01 
 6.84000000e-01  4.86074837e+01 
 6.85000000e-01  4.86018355e+01 
 6.86000000e-01  4.85971661e+01 
 6.87000000e-01  4.85934750e+01 
 6.88000000e-01  4.85907618e+01 
 6.89000000e-01  4.85890262e+01 
 6.90000000e-01  4.85882678e+01 
 6.91000000e-01  4.85884861e+01 
 6.92000000e-01  4.85896808e+01 
 6.93000000e-01  4.85918516e+01 
 6.94000000e-01  4.85949981e+01 
 6.95000000e-01  4.85991200e+01 
 6.96000000e-01  4.86042170e+01 
 6.97000000e-01  4.86102887e+01 
 6.98000000e-01  4.86173348e+01 
 6.99000000e-01  4.86253551e+01 
 7.00000000e-01  4.86343491e+01 
 7.01000000e-01  4.86443167e+01 
 7.02000000e-01  4.86552576e+01 
 7.03000000e-01  4.86671714e+01 
 7.04000000e-01  4.86800578e+01 
 7.05000000e-01  4.86939167e+01 
 7.06000000e-01  4.87087476e+01 
 7.07000000e-01  4.87245502e+01 
 7.08000000e-01  4.87413244e+01 
 7.09000000e-01  4.87590697e+01 
 7.10000000e-01  4.87777860e+01 
 7.11000000e-01  4.87974727e+01 
 7.12000000e-01  4.88181296e+01 
 7.13000000e-01  4.88397564e+01 
 7.14000000e-01  4.88623527e+01 
 7.15000000e-01  4.88859181e+01 
 7.16000000e-01  4.89104522e+01 
 7.17000000e-01  4.89359545e+01 
 7.18000000e-01  4.89624247e+01 
 7.19000000e-01  4.89898622e+01 
 7.20000000e-01  4.90182665e+01 
 7.21000000e-01  4.90476372e+01 
 7.22000000e-01  4.90779735e+01 
 7.23000000e-01  4.91092750e+01 
 7.24000000e-01  4.91415409e+01 
 7.25000000e-01  4.91747706e+01 
 7.26000000e-01  4.92089632e+01 
 7.27000000e-01  4.92441182e+01 
 7.28000000e-01  4.92802345e+01 
 7.29000000e-01  4.93173113e+01 
 7.30000000e-01  4.93553476e+01 
 7.31000000e-01  4.93943424e+01 
 7.32000000e-01  4.94342947e+01 
 7.33000000e-01  4.94752033e+01 
 7.34000000e-01  4.95170669e+01 
 7.35000000e-01  4.95598843e+01 
 7.36000000e-01  4.96036541e+01 
 7.37000000e-01  4.96483749e+01 
 7.38000000e-01  4.96940450e+01 
 7.39000000e-01  4.97406629e+01 
 7.40000000e-01  4.97882269e+01 
 7.41000000e-01  4.98367350e+01 
 7.42000000e-01  4.98861855e+01 
 7.43000000e-01  4.99365762e+01 
 7.44000000e-01  4.99879051e+01 
 7.45000000e-01  5.00401698e+01 
 7.46000000e-01  5.00933681e+01 
 7.47000000e-01  5.01474974e+01 
 7.48000000e-01  5.02025551e+01 
 7.49000000e-01  5.02585386e+01 
 7.50000000e-01  5.03154448e+01 
 7.51000000e-01  5.03732708e+01 
 7.52000000e-01  5.04320135e+01 
 7.53000000e-01  5.04916696e+01 
 7.54000000e-01  5.05522356e+01 
 7.55000000e-01  5.06137079e+01 
 7.56000000e-01  5.06760827e+01 
 7.57000000e-01  5.07393562e+01 
 7.58000000e-01  5.08035243e+01 
 7.59000000e-01  5.08685826e+01 
 7.60000000e-01  5.09345268e+01 
 7.61000000e-01  5.10013523e+01 
 7.62000000e-01  5.10690543e+01 
 7.63000000e-01  5.11376277e+01 
 7.64000000e-01  5.12070675e+01 
 7.65000000e-01  5.12773682e+01 
 7.66000000e-01  5.13485243e+01 
 7.67000000e-01  5.14205301e+01 
 7.68000000e-01  5.14933794e+01 
 7.69000000e-01  5.15670663e+01 
 7.70000000e-01  5.16415841e+01 
 7.71000000e-01  5.17169264e+01 
 7.72000000e-01  5.17930863e+01 
 7.73000000e-01  5.18700567e+01 
 7.74000000e-01  5.19478302e+01 
 7.75000000e-01  5.20263995e+01 
 7.76000000e-01  5.21057566e+01 
 7.77000000e-01  5.21858936e+01 
 7.78000000e-01  5.22668022e+01 
 7.79000000e-01  5.23484739e+01 
 7.80000000e-01  5.24308999e+01 
 7.81000000e-01  5.25140713e+01 
 7.82000000e-01  5.25979787e+01 
 7.83000000e-01  5.26826127e+01 
 7.84000000e-01  5.27679634e+01 
 7.85000000e-01  5.28540208e+01 
 7.86000000e-01  5.29407746e+01 
 7.87000000e-01  5.30282142e+01 
 7.88000000e-01  5.31163287e+01 
 7.89000000e-01  5.32051070e+01 
 7.90000000e-01  5.32945377e+01 
 7.91000000e-01  5.33846091e+01 
 7.92000000e-01  5.34753092e+01 
 7.93000000e-01  5.35666258e+01 
 7.94000000e-01  5.36585463e+01 
 7.95000000e-01  5.37510581e+01 
 7.96000000e-01  5.38441479e+01 
 7.97000000e-01  5.39378024e+01 
 7.98000000e-01  5.40320080e+01 
 7.99000000e-01  5.41267507e+01 
 8.00000000e-01  5.42220163e+01 
 8.01000000e-01  5.43177903e+01 
 8.02000000e-01  5.44140579e+01 
 8.03000000e-01  5.45108041e+01 
 8.04000000e-01  5.46080134e+01 
 8.05000000e-01  5.47056704e+01 
 8.06000000e-01  5.48037590e+01 
 8.07000000e-01  5.49022630e+01 
 8.08000000e-01  5.50011661e+01 
 8.09000000e-01  5.51004515e+01 
 8.10000000e-01  5.52001021e+01 
 8.11000000e-01  5.53001008e+01 
 8.12000000e-01  5.54004299e+01 
 8.13000000e-01  5.55010717e+01 
 8.14000000e-01  5.56020081e+01 
 8.15000000e-01  5.57032207e+01 
 8.16000000e-01  5.58046911e+01 
 8.17000000e-01  5.59064003e+01 
 8.18000000e-01  5.60083294e+01 
 8.19000000e-01  5.61104589e+01 
 8.20000000e-01  5.62127695e+01 
 8.21000000e-01  5.63152412e+01 
 8.22000000e-01  5.64178541e+01 
 8.23000000e-01  5.65205881e+01 
 8.24000000e-01  5.66234225e+01 
 8.25000000e-01  5.67263369e+01 
 8.26000000e-01  5.68293104e+01 
 8.27000000e-01  5.69323219e+01 
 8.28000000e-01  5.70353502e+01 
 8.29000000e-01  5.71383739e+01 
 8.30000000e-01  5.72413714e+01 
 8.31000000e-01  5.73443210e+01 
 8.32000000e-01  5.74472007e+01 
 8.33000000e-01  5.75499886e+01 
 8.34000000e-01  5.76526623e+01 
 8.35000000e-01  5.77551995e+01 
 8.36000000e-01  5.78575778e+01 
 8.37000000e-01  5.79597746e+01 
 8.38000000e-01  5.80617671e+01 
 8.39000000e-01  5.81635326e+01 
 8.40000000e-01  5.82650481e+01 
 8.41000000e-01  5.83662908e+01 
 8.42000000e-01  5.84672374e+01 
 8.43000000e-01  5.85678650e+01 
 8.44000000e-01  5.86681503e+01 
 8.45000000e-01  5.87680702e+01 
 8.46000000e-01  5.88676013e+01 
 8.47000000e-01  5.89667204e+01 
 8.48000000e-01  5.90654042e+01 
 8.49000000e-01  5.91636294e+01 
 8.50000000e-01  5.92613727e+01 
 8.51000000e-01  5.93586109e+01 
 8.52000000e-01  5.94553206e+01 
 8.53000000e-01  5.95514788e+01 
 8.54000000e-01  5.96470622e+01 
 8.55000000e-01  5.97420478e+01 
 8.56000000e-01  5.98364125e+01 
 8.57000000e-01  5.99301333e+01 
 8.58000000e-01  6.00231875e+01 
 8.59000000e-01  6.01155523e+01 
 8.60000000e-01  6.02072050e+01 
 8.61000000e-01  6.02981231e+01 
 8.62000000e-01  6.03882843e+01 
 8.63000000e-01  6.04776663e+01 
 8.64000000e-01  6.05662470e+01 
 8.65000000e-01  6.06540046e+01 
 8.66000000e-01  6.07409173e+01 
 8.67000000e-01  6.08269636e+01 
 8.68000000e-01  6.09121222e+01 
 8.69000000e-01  6.09963718e+01 
 8.70000000e-01  6.10796916e+01 
 8.71000000e-01  6.11620610e+01 
 8.72000000e-01  6.12434594e+01 
 8.73000000e-01  6.13238666e+01 
 8.74000000e-01  6.14032628e+01 
 8.75000000e-01  6.14816282e+01 
 8.76000000e-01  6.15589435e+01 
 8.77000000e-01  6.16351896e+01 
 8.78000000e-01  6.17103475e+01 
 8.79000000e-01  6.17843989e+01 
 8.80000000e-01  6.18573255e+01 
 8.81000000e-01  6.19291095e+01 
 8.82000000e-01  6.19997332e+01 
 8.83000000e-01  6.20691795e+01 
 8.84000000e-01  6.21374315e+01 
 8.85000000e-01  6.22044726e+01 
 8.86000000e-01  6.22702868e+01 
 8.87000000e-01  6.23348581e+01 
 8.88000000e-01  6.23981712e+01 
 8.89000000e-01  6.24602110e+01 
 8.90000000e-01  6.25209628e+01 
 8.91000000e-01  6.25804123e+01 
 8.92000000e-01  6.26385457e+01 
 8.93000000e-01  6.26953495e+01 
 8.94000000e-01  6.27508105e+01 
 8.95000000e-01  6.28049161e+01 
 8.96000000e-01  6.28576540e+01 
 8.97000000e-01  6.29090123e+01 
 8.98000000e-01  6.29589797e+01 
 8.99000000e-01  6.30075451e+01 
 9.00000000e-01  6.30546979e+01 
 9.01000000e-01  6.31004280e+01 
 9.02000000e-01  6.31447257e+01 
 9.03000000e-01  6.31875815e+01 
 9.04000000e-01  6.32289868e+01 
 9.05000000e-01  6.32689331e+01 
 9.06000000e-01  6.33074124e+01 
 9.07000000e-01  6.33444171e+01 
 9.08000000e-01  6.33799402e+01 
 9.09000000e-01  6.34139749e+01 
 9.10000000e-01  6.34465152e+01 
 9.11000000e-01  6.34775551e+01 
 9.12000000e-01  6.35070893e+01 
 9.13000000e-01  6.35351130e+01 
 9.14000000e-01  6.35616216e+01 
 9.15000000e-01  6.35866112e+01 
 9.16000000e-01  6.36100781e+01 
 9.17000000e-01  6.36320191e+01 
 9.18000000e-01  6.36524316e+01 
 9.19000000e-01  6.36713132e+01 
 9.20000000e-01  6.36886620e+01 
 9.21000000e-01  6.37044765e+01 
 9.22000000e-01  6.37187558e+01 
 9.23000000e-01  6.37314992e+01 
 9.24000000e-01  6.37427064e+01 
 9.25000000e-01  6.37523777e+01 
 9.26000000e-01  6.37605136e+01 
 9.27000000e-01  6.37671152e+01 
 9.28000000e-01  6.37721838e+01 
 9.29000000e-01  6.37757213e+01 
 9.30000000e-01  6.37777296e+01 
 9.31000000e-01  6.37782116e+01 
 9.32000000e-01  6.37771699e+01 
 9.33000000e-01  6.37746080e+01 
 9.34000000e-01  6.37705294e+01 
 9.35000000e-01  6.37649383e+01 
 9.36000000e-01  6.37578389e+01 
 9.37000000e-01  6.37492359e+01 
 9.38000000e-01  6.37391345e+01 
 9.39000000e-01  6.37275400e+01 
 9.40000000e-01  6.37144582e+01 
 9.41000000e-01  6.36998950e+01 
 9.42000000e-01  6.36838568e+01 
 9.43000000e-01  6.36663503e+01 
 9.44000000e-01  6.36473825e+01 
 9.45000000e-01  6.36269606e+01 
 9.46000000e-01  6.36050921e+01 
 9.47000000e-01  6.35817850e+01 
 9.48000000e-01  6.35570472e+01 
 9.49000000e-01  6.35308872e+01 
 9.50000000e-01  6.35033137e+01 
 9.51000000e-01  6.34743354e+01 
 9.52000000e-01  6.34439616e+01 
 9.53000000e-01  6.34122016e+01 
 9.54000000e-01  6.33790650e+01 
 9.55000000e-01  6.33445616e+01 
 9.56000000e-01  6.33087016e+01 
 9.57000000e-01  6.32714951e+01 
 9.58000000e-01  6.32329526e+01 
 9.59000000e-01  6.31930848e+01 
 9.60000000e-01  6.31519026e+01 
 9.61000000e-01  6.31094170e+01 
 9.62000000e-01  6.30656391e+01 
 9.63000000e-01  6.30205804e+01 
 9.64000000e-01  6.29742524e+01 
 9.65000000e-01  6.29266668e+01 
 9.66000000e-01  6.28778355e+01 
 9.67000000e-01  6.28277703e+01 
 9.68000000e-01  6.27764835e+01 
 9.69000000e-01  6.27239873e+01 
 9.70000000e-01  6.26702940e+01 
 9.71000000e-01  6.26154161e+01 
 9.72000000e-01  6.25593663e+01 
 9.73000000e-01  6.25021571e+01 
 9.74000000e-01  6.24438014e+01 
 9.75000000e-01  6.23843121e+01 
 9.76000000e-01  6.23237020e+01 
 9.77000000e-01  6.22619843e+01 
 9.78000000e-01  6.21991720e+01 
 9.79000000e-01  6.21352783e+01 
 9.80000000e-01  6.20703163e+01 
 9.81000000e-01  6.20042995e+01 
 9.82000000e-01  6.19372410e+01 
 9.83000000e-01  6.18691543e+01 
 9.84000000e-01  6.18000527e+01 
 9.85000000e-01  6.17299497e+01 
 9.86000000e-01  6.16588587e+01 
 9.87000000e-01  6.15867932e+01 
 9.88000000e-01  6.15137667e+01 
 9.89000000e-01  6.14397926e+01 
 9.90000000e-01  6.13648846e+01 
 9.91000000e-01  6.12890560e+01 
 9.92000000e-01  6.12123204e+01 
 9.93000000e-01  6.11346912e+01 
 9.94000000e-01  6.10561820e+01 
 9.95000000e-01  6.09768062e+01 
 9.96000000e-01  6.08965773e+01 
 9.97000000e-01  6.08155085e+01 
 9.98000000e-01  6.07336134e+01 
 9.99000000e-01  6.06509053e+01 
 1.00000000e+00  6.05673975e+01 
