 0.00000000e+00  4.44380359e-02 
 1.00000000e-03  4.44380359e-02 
 2.00000000e-03  4.44380359e-02 
 3.00000000e-03  4.44380359e-02 
 4.00000000e-03  4.44380359e-02 
 5.00000000e-03  4.44380359e-02 
 6.00000000e-03  4.44380359e-02 
 7.00000000e-03  4.44380359e-02 
 8.00000000e-03  4.44380359e-02 
 9.00000000e-03  4.44380359e-02 
 1.00000000e-02  4.44380359e-02 
 1.10000000e-02  4.44380359e-02 
 1.20000000e-02  4.44380359e-02 
 1.30000000e-02  4.44380359e-02 
 1.40000000e-02  4.44380359e-02 
 1.50000000e-02  4.44380359e-02 
 1.60000000e-02  4.44380359e-02 
 1.70000000e-02  4.44380360e-02 
 1.80000000e-02  4.44380360e-02 
 1.90000000e-02  4.44380360e-02 
 2.00000000e-02  4.44380360e-02 
 2.10000000e-02  4.44380360e-02 
 2.20000000e-02  4.44380360e-02 
 2.30000000e-02  4.44380360e-02 
 2.40000000e-02  4.44380360e-02 
 2.50000000e-02  4.44380360e-02 
 2.60000000e-02  4.44380360e-02 
 2.70000000e-02  4.44380360e-02 
 2.80000000e-02  4.44380360e-02 
 2.90000000e-02  4.44380360e-02 
 3.00000000e-02  4.44380360e-02 
 3.10000000e-02  4.44380360e-02 
 3.20000000e-02  4.44380360e-02 
 3.30000000e-02  4.44380360e-02 
 3.40000000e-02  4.44380360e-02 
 3.50000000e-02  4.44380360e-02 
 3.60000000e-02  4.44380360e-02 
 3.70000000e-02  4.44380360e-02 
 3.80000000e-02  4.44380360e-02 
 3.90000000e-02  4.44380360e-02 
 4.00000000e-02  4.44380360e-02 
 4.10000000e-02  4.44380360e-02 
 4.20000000e-02  4.44380361e-02 
 4.30000000e-02  4.44380361e-02 
 4.40000000e-02  4.44380361e-02 
 4.50000000e-02  4.44380361e-02 
 4.60000000e-02  4.44380361e-02 
 4.70000000e-02  4.44380361e-02 
 4.80000000e-02  4.44380361e-02 
 4.90000000e-02  4.44380361e-02 
 5.00000000e-02  4.44380361e-02 
 5.10000000e-02  4.44380361e-02 
 5.20000000e-02  4.44380361e-02 
 5.30000000e-02  4.44380361e-02 
 5.40000000e-02  4.44380361e-02 
 5.50000000e-02  4.44380361e-02 
 5.60000000e-02  4.44380362e-02 
 5.70000000e-02  4.44380362e-02 
 5.80000000e-02  4.44380362e-02 
 5.90000000e-02  4.44380362e-02 
 6.00000000e-02  4.44380362e-02 
 6.10000000e-02  4.44380362e-02 
 6.20000000e-02  4.44380362e-02 
 6.30000000e-02  4.44380362e-02 
 6.40000000e-02  4.44380362e-02 
 6.50000000e-02  4.44380363e-02 
 6.60000000e-02  4.44380363e-02 
 6.70000000e-02  4.44380363e-02 
 6.80000000e-02  4.44380363e-02 
 6.90000000e-02  4.44380363e-02 
 7.00000000e-02  4.44380363e-02 
 7.10000000e-02  4.44380363e-02 
 7.20000000e-02  4.44380363e-02 
 7.30000000e-02  4.44380364e-02 
 7.40000000e-02  4.44380364e-02 
 7.50000000e-02  4.44380364e-02 
 7.60000000e-02  4.44380364e-02 
 7.70000000e-02  4.44380364e-02 
 7.80000000e-02  4.44380364e-02 
 7.90000000e-02  4.44380365e-02 
 8.00000000e-02  4.44380365e-02 
 8.10000000e-02  4.44380365e-02 
 8.20000000e-02  4.44380365e-02 
 8.30000000e-02  4.44380365e-02 
 8.40000000e-02  4.44380365e-02 
 8.50000000e-02  4.44380366e-02 
 8.60000000e-02  4.44380366e-02 
 8.70000000e-02  4.44380366e-02 
 8.80000000e-02  4.44380366e-02 
 8.90000000e-02  4.44380367e-02 
 9.00000000e-02  4.44380367e-02 
 9.10000000e-02  4.44380367e-02 
 9.20000000e-02  4.44380367e-02 
 9.30000000e-02  4.44380368e-02 
 9.40000000e-02  4.44380368e-02 
 9.50000000e-02  4.44380368e-02 
 9.60000000e-02  4.44380368e-02 
 9.70000000e-02  4.44380369e-02 
 9.80000000e-02  4.44380369e-02 
 9.90000000e-02  4.44380369e-02 
 1.00000000e-01  4.44380370e-02 
 1.01000000e-01  4.44380370e-02 
 1.02000000e-01  4.44380370e-02 
 1.03000000e-01  4.44380371e-02 
 1.04000000e-01  4.44380371e-02 
 1.05000000e-01  4.44380371e-02 
 1.06000000e-01  4.44380372e-02 
 1.07000000e-01  4.44380372e-02 
 1.08000000e-01  4.44380373e-02 
 1.09000000e-01  4.44380373e-02 
 1.10000000e-01  4.44380374e-02 
 1.11000000e-01  4.44380374e-02 
 1.12000000e-01  4.44380374e-02 
 1.13000000e-01  4.44380375e-02 
 1.14000000e-01  4.44380375e-02 
 1.15000000e-01  4.44380376e-02 
 1.16000000e-01  4.44380376e-02 
 1.17000000e-01  4.44380377e-02 
 1.18000000e-01  4.44380378e-02 
 1.19000000e-01  4.44380378e-02 
 1.20000000e-01  4.44380379e-02 
 1.21000000e-01  4.44380379e-02 
 1.22000000e-01  4.44380380e-02 
 1.23000000e-01  4.44380381e-02 
 1.24000000e-01  4.44380381e-02 
 1.25000000e-01  4.44380382e-02 
 1.26000000e-01  4.44380383e-02 
 1.27000000e-01  4.44380383e-02 
 1.28000000e-01  4.44380384e-02 
 1.29000000e-01  4.44380385e-02 
 1.30000000e-01  4.44380386e-02 
 1.31000000e-01  4.44380386e-02 
 1.32000000e-01  4.44380387e-02 
 1.33000000e-01  4.44380388e-02 
 1.34000000e-01  4.44380389e-02 
 1.35000000e-01  4.44380390e-02 
 1.36000000e-01  4.44380391e-02 
 1.37000000e-01  4.44380392e-02 
 1.38000000e-01  4.44380393e-02 
 1.39000000e-01  4.44380394e-02 
 1.40000000e-01  4.44380395e-02 
 1.41000000e-01  4.44380396e-02 
 1.42000000e-01  4.44380397e-02 
 1.43000000e-01  4.44380398e-02 
 1.44000000e-01  4.44380400e-02 
 1.45000000e-01  4.44380401e-02 
 1.46000000e-01  4.44380402e-02 
 1.47000000e-01  4.44380403e-02 
 1.48000000e-01  4.44380405e-02 
 1.49000000e-01  4.44380406e-02 
 1.50000000e-01  4.44380407e-02 
 1.51000000e-01  4.44380409e-02 
 1.52000000e-01  4.44380410e-02 
 1.53000000e-01  4.44380412e-02 
 1.54000000e-01  4.44380414e-02 
 1.55000000e-01  4.44380415e-02 
 1.56000000e-01  4.44380417e-02 
 1.57000000e-01  4.44380419e-02 
 1.58000000e-01  4.44380421e-02 
 1.59000000e-01  4.44380422e-02 
 1.60000000e-01  4.44380424e-02 
 1.61000000e-01  4.44380426e-02 
 1.62000000e-01  4.44380428e-02 
 1.63000000e-01  4.44380430e-02 
 1.64000000e-01  4.44380433e-02 
 1.65000000e-01  4.44380435e-02 
 1.66000000e-01  4.44380437e-02 
 1.67000000e-01  4.44380439e-02 
 1.68000000e-01  4.44380442e-02 
 1.69000000e-01  4.44380444e-02 
 1.70000000e-01  4.44380447e-02 
 1.71000000e-01  4.44380450e-02 
 1.72000000e-01  4.44380452e-02 
 1.73000000e-01  4.44380455e-02 
 1.74000000e-01  4.44380458e-02 
 1.75000000e-01  4.44380461e-02 
 1.76000000e-01  4.44380464e-02 
 1.77000000e-01  4.44380467e-02 
 1.78000000e-01  4.44380470e-02 
 1.79000000e-01  4.44380474e-02 
 1.80000000e-01  4.44380477e-02 
 1.81000000e-01  4.44380481e-02 
 1.82000000e-01  4.44380485e-02 
 1.83000000e-01  4.44380488e-02 
 1.84000000e-01  4.44380492e-02 
 1.85000000e-01  4.44380496e-02 
 1.86000000e-01  4.44380500e-02 
 1.87000000e-01  4.44380505e-02 
 1.88000000e-01  4.44380509e-02 
 1.89000000e-01  4.44380513e-02 
 1.90000000e-01  4.44380518e-02 
 1.91000000e-01  4.44380523e-02 
 1.92000000e-01  4.44380528e-02 
 1.93000000e-01  4.44380533e-02 
 1.94000000e-01  4.44380538e-02 
 1.95000000e-01  4.44380543e-02 
 1.96000000e-01  4.44380549e-02 
 1.97000000e-01  4.44380555e-02 
 1.98000000e-01  4.44380561e-02 
 1.99000000e-01  4.44380567e-02 
 2.00000000e-01  4.44380573e-02 
 2.01000000e-01  4.44380579e-02 
 2.02000000e-01  4.44380586e-02 
 2.03000000e-01  4.44380593e-02 
 2.04000000e-01  4.44380600e-02 
 2.05000000e-01  4.44380607e-02 
 2.06000000e-01  4.44380614e-02 
 2.07000000e-01  4.44380622e-02 
 2.08000000e-01  4.44380630e-02 
 2.09000000e-01  4.44380638e-02 
 2.10000000e-01  4.44380646e-02 
 2.11000000e-01  4.44380655e-02 
 2.12000000e-01  4.44380664e-02 
 2.13000000e-01  4.44380673e-02 
 2.14000000e-01  4.44380682e-02 
 2.15000000e-01  4.44380692e-02 
 2.16000000e-01  4.44380702e-02 
 2.17000000e-01  4.44380712e-02 
 2.18000000e-01  4.44380723e-02 
 2.19000000e-01  4.44380734e-02 
 2.20000000e-01  4.44380745e-02 
 2.21000000e-01  4.44380757e-02 
 2.22000000e-01  4.44380769e-02 
 2.23000000e-01  4.44380781e-02 
 2.24000000e-01  4.44380794e-02 
 2.25000000e-01  4.44380807e-02 
 2.26000000e-01  4.44380820e-02 
 2.27000000e-01  4.44380834e-02 
 2.28000000e-01  4.44380848e-02 
 2.29000000e-01  4.44380863e-02 
 2.30000000e-01  4.44380878e-02 
 2.31000000e-01  4.44380893e-02 
 2.32000000e-01  4.44380909e-02 
 2.33000000e-01  4.44380926e-02 
 2.34000000e-01  4.44380942e-02 
 2.35000000e-01  4.44380960e-02 
 2.36000000e-01  4.44380978e-02 
 2.37000000e-01  4.44380996e-02 
 2.38000000e-01  4.44381015e-02 
 2.39000000e-01  4.44381035e-02 
 2.40000000e-01  4.44381055e-02 
 2.41000000e-01  4.44381076e-02 
 2.42000000e-01  4.44381097e-02 
 2.43000000e-01  4.44381119e-02 
 2.44000000e-01  4.44381142e-02 
 2.45000000e-01  4.44381166e-02 
 2.46000000e-01  4.44381190e-02 
 2.47000000e-01  4.44381214e-02 
 2.48000000e-01  4.44381240e-02 
 2.49000000e-01  4.44381266e-02 
 2.50000000e-01  4.44381293e-02 
 2.51000000e-01  4.44381321e-02 
 2.52000000e-01  4.44381350e-02 
 2.53000000e-01  4.44381379e-02 
 2.54000000e-01  4.44381410e-02 
 2.55000000e-01  4.44381441e-02 
 2.56000000e-01  4.44381473e-02 
 2.57000000e-01  4.44381507e-02 
 2.58000000e-01  4.44381541e-02 
 2.59000000e-01  4.44381576e-02 
 2.60000000e-01  4.44381612e-02 
 2.61000000e-01  4.44381650e-02 
 2.62000000e-01  4.44381688e-02 
 2.63000000e-01  4.44381728e-02 
 2.64000000e-01  4.44381768e-02 
 2.65000000e-01  4.44381810e-02 
 2.66000000e-01  4.44381853e-02 
 2.67000000e-01  4.44381898e-02 
 2.68000000e-01  4.44381944e-02 
 2.69000000e-01  4.44381991e-02 
 2.70000000e-01  4.44382039e-02 
 2.71000000e-01  4.44382089e-02 
 2.72000000e-01  4.44382141e-02 
 2.73000000e-01  4.44382194e-02 
 2.74000000e-01  4.44382248e-02 
 2.75000000e-01  4.44382304e-02 
 2.76000000e-01  4.44382362e-02 
 2.77000000e-01  4.44382421e-02 
 2.78000000e-01  4.44382483e-02 
 2.79000000e-01  4.44382546e-02 
 2.80000000e-01  4.44382611e-02 
 2.81000000e-01  4.44382677e-02 
 2.82000000e-01  4.44382746e-02 
 2.83000000e-01  4.44382817e-02 
 2.84000000e-01  4.44382890e-02 
 2.85000000e-01  4.44382965e-02 
 2.86000000e-01  4.44383042e-02 
 2.87000000e-01  4.44383122e-02 
 2.88000000e-01  4.44383204e-02 
 2.89000000e-01  4.44383288e-02 
 2.90000000e-01  4.44383375e-02 
 2.91000000e-01  4.44383464e-02 
 2.92000000e-01  4.44383556e-02 
 2.93000000e-01  4.44383650e-02 
 2.94000000e-01  4.44383748e-02 
 2.95000000e-01  4.44383848e-02 
 2.96000000e-01  4.44383951e-02 
 2.97000000e-01  4.44384057e-02 
 2.98000000e-01  4.44384166e-02 
 2.99000000e-01  4.44384279e-02 
 3.00000000e-01  4.44384395e-02 
 3.01000000e-01  4.44384514e-02 
 3.02000000e-01  4.44384637e-02 
 3.03000000e-01  4.44384763e-02 
 3.04000000e-01  4.44384893e-02 
 3.05000000e-01  4.44385026e-02 
 3.06000000e-01  4.44385164e-02 
 3.07000000e-01  4.44385306e-02 
 3.08000000e-01  4.44385452e-02 
 3.09000000e-01  4.44385602e-02 
 3.10000000e-01  4.44385756e-02 
 3.11000000e-01  4.44385915e-02 
 3.12000000e-01  4.44386078e-02 
 3.13000000e-01  4.44386247e-02 
 3.14000000e-01  4.44386420e-02 
 3.15000000e-01  4.44386598e-02 
 3.16000000e-01  4.44386781e-02 
 3.17000000e-01  4.44386970e-02 
 3.18000000e-01  4.44387164e-02 
 3.19000000e-01  4.44387364e-02 
 3.20000000e-01  4.44387570e-02 
 3.21000000e-01  4.44387781e-02 
 3.22000000e-01  4.44387999e-02 
 3.23000000e-01  4.44388223e-02 
 3.24000000e-01  4.44388454e-02 
 3.25000000e-01  4.44388691e-02 
 3.26000000e-01  4.44388935e-02 
 3.27000000e-01  4.44389186e-02 
 3.28000000e-01  4.44389444e-02 
 3.29000000e-01  4.44389710e-02 
 3.30000000e-01  4.44389984e-02 
 3.31000000e-01  4.44390265e-02 
 3.32000000e-01  4.44390555e-02 
 3.33000000e-01  4.44390852e-02 
 3.34000000e-01  4.44391159e-02 
 3.35000000e-01  4.44391474e-02 
 3.36000000e-01  4.44391798e-02 
 3.37000000e-01  4.44392132e-02 
 3.38000000e-01  4.44392475e-02 
 3.39000000e-01  4.44392828e-02 
 3.40000000e-01  4.44393191e-02 
 3.41000000e-01  4.44393564e-02 
 3.42000000e-01  4.44393948e-02 
 3.43000000e-01  4.44394343e-02 
 3.44000000e-01  4.44394750e-02 
 3.45000000e-01  4.44395168e-02 
 3.46000000e-01  4.44395598e-02 
 3.47000000e-01  4.44396040e-02 
 3.48000000e-01  4.44396495e-02 
 3.49000000e-01  4.44396963e-02 
 3.50000000e-01  4.44397444e-02 
 3.51000000e-01  4.44397939e-02 
 3.52000000e-01  4.44398447e-02 
 3.53000000e-01  4.44398971e-02 
 3.54000000e-01  4.44399509e-02 
 3.55000000e-01  4.44400062e-02 
 3.56000000e-01  4.44400631e-02 
 3.57000000e-01  4.44401216e-02 
 3.58000000e-01  4.44401818e-02 
 3.59000000e-01  4.44402437e-02 
 3.60000000e-01  4.44403073e-02 
 3.61000000e-01  4.44403727e-02 
 3.62000000e-01  4.44404399e-02 
 3.63000000e-01  4.44405091e-02 
 3.64000000e-01  4.44405802e-02 
 3.65000000e-01  4.44406532e-02 
 3.66000000e-01  4.44407284e-02 
 3.67000000e-01  4.44408056e-02 
 3.68000000e-01  4.44408850e-02 
 3.69000000e-01  4.44409666e-02 
 3.70000000e-01  4.44410505e-02 
 3.71000000e-01  4.44411368e-02 
 3.72000000e-01  4.44412254e-02 
 3.73000000e-01  4.44413165e-02 
 3.74000000e-01  4.44414102e-02 
 3.75000000e-01  4.44415065e-02 
 3.76000000e-01  4.44416054e-02 
 3.77000000e-01  4.44417071e-02 
 3.78000000e-01  4.44418116e-02 
 3.79000000e-01  4.44419190e-02 
 3.80000000e-01  4.44420293e-02 
 3.81000000e-01  4.44421428e-02 
 3.82000000e-01  4.44422593e-02 
 3.83000000e-01  4.44423790e-02 
 3.84000000e-01  4.44425021e-02 
 3.85000000e-01  4.44426285e-02 
 3.86000000e-01  4.44427584e-02 
 3.87000000e-01  4.44428919e-02 
 3.88000000e-01  4.44430290e-02 
 3.89000000e-01  4.44431699e-02 
 3.90000000e-01  4.44433146e-02 
 3.91000000e-01  4.44434633e-02 
 3.92000000e-01  4.44436160e-02 
 3.93000000e-01  4.44437729e-02 
 3.94000000e-01  4.44439340e-02 
 3.95000000e-01  4.44440996e-02 
 3.96000000e-01  4.44442696e-02 
 3.97000000e-01  4.44444442e-02 
 3.98000000e-01  4.44446235e-02 
 3.99000000e-01  4.44448077e-02 
 4.00000000e-01  4.44449968e-02 
 4.01000000e-01  4.44451910e-02 
 4.02000000e-01  4.44453905e-02 
 4.03000000e-01  4.44455953e-02 
 4.04000000e-01  4.44458055e-02 
 4.05000000e-01  4.44460215e-02 
 4.06000000e-01  4.44462431e-02 
 4.07000000e-01  4.44464707e-02 
 4.08000000e-01  4.44467044e-02 
 4.09000000e-01  4.44469442e-02 
 4.10000000e-01  4.44471905e-02 
 4.11000000e-01  4.44474432e-02 
 4.12000000e-01  4.44477027e-02 
 4.13000000e-01  4.44479690e-02 
 4.14000000e-01  4.44482423e-02 
 4.15000000e-01  4.44485228e-02 
 4.16000000e-01  4.44488107e-02 
 4.17000000e-01  4.44491062e-02 
 4.18000000e-01  4.44494093e-02 
 4.19000000e-01  4.44497205e-02 
 4.20000000e-01  4.44500397e-02 
 4.21000000e-01  4.44503672e-02 
 4.22000000e-01  4.44507033e-02 
 4.23000000e-01  4.44510481e-02 
 4.24000000e-01  4.44514018e-02 
 4.25000000e-01  4.44517647e-02 
 4.26000000e-01  4.44521370e-02 
 4.27000000e-01  4.44525188e-02 
 4.28000000e-01  4.44529105e-02 
 4.29000000e-01  4.44533122e-02 
 4.30000000e-01  4.44537242e-02 
 4.31000000e-01  4.44541467e-02 
 4.32000000e-01  4.44545800e-02 
 4.33000000e-01  4.44550244e-02 
 4.34000000e-01  4.44554800e-02 
 4.35000000e-01  4.44559472e-02 
 4.36000000e-01  4.44564262e-02 
 4.37000000e-01  4.44569173e-02 
 4.38000000e-01  4.44574208e-02 
 4.39000000e-01  4.44579370e-02 
 4.40000000e-01  4.44584661e-02 
 4.41000000e-01  4.44590084e-02 
 4.42000000e-01  4.44595643e-02 
 4.43000000e-01  4.44601341e-02 
 4.44000000e-01  4.44607180e-02 
 4.45000000e-01  4.44613164e-02 
 4.46000000e-01  4.44619297e-02 
 4.47000000e-01  4.44625581e-02 
 4.48000000e-01  4.44632020e-02 
 4.49000000e-01  4.44638617e-02 
 4.50000000e-01  4.44645376e-02 
 4.51000000e-01  4.44652300e-02 
 4.52000000e-01  4.44659393e-02 
 4.53000000e-01  4.44666660e-02 
 4.54000000e-01  4.44674103e-02 
 4.55000000e-01  4.44681726e-02 
 4.56000000e-01  4.44689533e-02 
 4.57000000e-01  4.44697529e-02 
 4.58000000e-01  4.44705718e-02 
 4.59000000e-01  4.44714102e-02 
 4.60000000e-01  4.44722688e-02 
 4.61000000e-01  4.44731478e-02 
 4.62000000e-01  4.44740478e-02 
 4.63000000e-01  4.44749692e-02 
 4.64000000e-01  4.44759124e-02 
 4.65000000e-01  4.44768779e-02 
 4.66000000e-01  4.44778662e-02 
 4.67000000e-01  4.44788777e-02 
 4.68000000e-01  4.44799129e-02 
 4.69000000e-01  4.44809723e-02 
 4.70000000e-01  4.44820564e-02 
 4.71000000e-01  4.44831657e-02 
 4.72000000e-01  4.44843008e-02 
 4.73000000e-01  4.44854621e-02 
 4.74000000e-01  4.44866502e-02 
 4.75000000e-01  4.44878656e-02 
 4.76000000e-01  4.44891089e-02 
 4.77000000e-01  4.44903807e-02 
 4.78000000e-01  4.44916814e-02 
 4.79000000e-01  4.44930117e-02 
 4.80000000e-01  4.44943722e-02 
 4.81000000e-01  4.44957635e-02 
 4.82000000e-01  4.44971861e-02 
 4.83000000e-01  4.44986407e-02 
 4.84000000e-01  4.45001279e-02 
 4.85000000e-01  4.45016483e-02 
 4.86000000e-01  4.45032027e-02 
 4.87000000e-01  4.45047915e-02 
 4.88000000e-01  4.45064156e-02 
 4.89000000e-01  4.45080755e-02 
 4.90000000e-01  4.45097720e-02 
 4.91000000e-01  4.45115057e-02 
 4.92000000e-01  4.45132774e-02 
 4.93000000e-01  4.45150877e-02 
 4.94000000e-01  4.45169374e-02 
 4.95000000e-01  4.45188273e-02 
 4.96000000e-01  4.45207580e-02 
 4.97000000e-01  4.45227303e-02 
 4.98000000e-01  4.45247450e-02 
 4.99000000e-01  4.45268028e-02 
 5.00000000e-01  4.45289047e-02 
 5.01000000e-01  4.45310512e-02 
 5.02000000e-01  4.45332433e-02 
 5.03000000e-01  4.45354818e-02 
 5.04000000e-01  4.45377675e-02 
 5.05000000e-01  4.45401013e-02 
 5.06000000e-01  4.45424840e-02 
 5.07000000e-01  4.45449165e-02 
 5.08000000e-01  4.45473996e-02 
 5.09000000e-01  4.45499343e-02 
 5.10000000e-01  4.45525215e-02 
 5.11000000e-01  4.45551620e-02 
 5.12000000e-01  4.45578568e-02 
 5.13000000e-01  4.45606069e-02 
 5.14000000e-01  4.45634132e-02 
 5.15000000e-01  4.45662766e-02 
 5.16000000e-01  4.45691982e-02 
 5.17000000e-01  4.45721789e-02 
 5.18000000e-01  4.45752198e-02 
 5.19000000e-01  4.45783218e-02 
 5.20000000e-01  4.45814860e-02 
 5.21000000e-01  4.45847135e-02 
 5.22000000e-01  4.45880052e-02 
 5.23000000e-01  4.45913624e-02 
 5.24000000e-01  4.45947859e-02 
 5.25000000e-01  4.45982771e-02 
 5.26000000e-01  4.46018369e-02 
 5.27000000e-01  4.46054664e-02 
 5.28000000e-01  4.46091670e-02 
 5.29000000e-01  4.46129396e-02 
 5.30000000e-01  4.46167855e-02 
 5.31000000e-01  4.46207059e-02 
 5.32000000e-01  4.46247019e-02 
 5.33000000e-01  4.46287748e-02 
 5.34000000e-01  4.46329258e-02 
 5.35000000e-01  4.46371561e-02 
 5.36000000e-01  4.46414671e-02 
 5.37000000e-01  4.46458600e-02 
 5.38000000e-01  4.46503362e-02 
 5.39000000e-01  4.46548968e-02 
 5.40000000e-01  4.46595432e-02 
 5.41000000e-01  4.46642769e-02 
 5.42000000e-01  4.46690991e-02 
 5.43000000e-01  4.46740113e-02 
 5.44000000e-01  4.46790148e-02 
 5.45000000e-01  4.46841110e-02 
 5.46000000e-01  4.46893015e-02 
 5.47000000e-01  4.46945875e-02 
 5.48000000e-01  4.46999707e-02 
 5.49000000e-01  4.47054525e-02 
 5.50000000e-01  4.47110344e-02 
 5.51000000e-01  4.47167179e-02 
 5.52000000e-01  4.47225046e-02 
 5.53000000e-01  4.47283960e-02 
 5.54000000e-01  4.47343938e-02 
 5.55000000e-01  4.47404995e-02 
 5.56000000e-01  4.47467147e-02 
 5.57000000e-01  4.47530412e-02 
 5.58000000e-01  4.47594805e-02 
 5.59000000e-01  4.47660344e-02 
 5.60000000e-01  4.47727045e-02 
 5.61000000e-01  4.47794926e-02 
 5.62000000e-01  4.47864005e-02 
 5.63000000e-01  4.47934299e-02 
 5.64000000e-01  4.48005827e-02 
 5.65000000e-01  4.48078605e-02 
 5.66000000e-01  4.48152654e-02 
 5.67000000e-01  4.48227991e-02 
 5.68000000e-01  4.48304636e-02 
 5.69000000e-01  4.48382607e-02 
 5.70000000e-01  4.48461924e-02 
 5.71000000e-01  4.48542607e-02 
 5.72000000e-01  4.48624675e-02 
 5.73000000e-01  4.48708150e-02 
 5.74000000e-01  4.48793050e-02 
 5.75000000e-01  4.48879397e-02 
 5.76000000e-01  4.48967212e-02 
 5.77000000e-01  4.49056516e-02 
 5.78000000e-01  4.49147331e-02 
 5.79000000e-01  4.49239677e-02 
 5.80000000e-01  4.49333579e-02 
 5.81000000e-01  4.49429056e-02 
 5.82000000e-01  4.49526134e-02 
 5.83000000e-01  4.49624833e-02 
 5.84000000e-01  4.49725178e-02 
 5.85000000e-01  4.49827192e-02 
 5.86000000e-01  4.49930899e-02 
 5.87000000e-01  4.50036323e-02 
 5.88000000e-01  4.50143488e-02 
 5.89000000e-01  4.50252420e-02 
 5.90000000e-01  4.50363143e-02 
 5.91000000e-01  4.50475683e-02 
 5.92000000e-01  4.50590066e-02 
 5.93000000e-01  4.50706318e-02 
 5.94000000e-01  4.50824465e-02 
 5.95000000e-01  4.50944534e-02 
 5.96000000e-01  4.51066552e-02 
 5.97000000e-01  4.51190548e-02 
 5.98000000e-01  4.51316548e-02 
 5.99000000e-01  4.51444581e-02 
 6.00000000e-01  4.51574676e-02 
 6.01000000e-01  4.51706861e-02 
 6.02000000e-01  4.51841167e-02 
 6.03000000e-01  4.51977623e-02 
 6.04000000e-01  4.52116259e-02 
 6.05000000e-01  4.52257105e-02 
 6.06000000e-01  4.52400194e-02 
 6.07000000e-01  4.52545556e-02 
 6.08000000e-01  4.52693223e-02 
 6.09000000e-01  4.52843227e-02 
 6.10000000e-01  4.52995601e-02 
 6.11000000e-01  4.53150379e-02 
 6.12000000e-01  4.53307593e-02 
 6.13000000e-01  4.53467279e-02 
 6.14000000e-01  4.53629469e-02 
 6.15000000e-01  4.53794200e-02 
 6.16000000e-01  4.53961507e-02 
 6.17000000e-01  4.54131425e-02 
 6.18000000e-01  4.54303991e-02 
 6.19000000e-01  4.54479243e-02 
 6.20000000e-01  4.54657216e-02 
 6.21000000e-01  4.54837949e-02 
 6.22000000e-01  4.55021481e-02 
 6.23000000e-01  4.55207850e-02 
 6.24000000e-01  4.55397095e-02 
 6.25000000e-01  4.55589257e-02 
 6.26000000e-01  4.55784376e-02 
 6.27000000e-01  4.55982493e-02 
 6.28000000e-01  4.56183649e-02 
 6.29000000e-01  4.56387886e-02 
 6.30000000e-01  4.56595248e-02 
 6.31000000e-01  4.56805777e-02 
 6.32000000e-01  4.57019517e-02 
 6.33000000e-01  4.57236513e-02 
 6.34000000e-01  4.57456808e-02 
 6.35000000e-01  4.57680450e-02 
 6.36000000e-01  4.57907483e-02 
 6.37000000e-01  4.58137955e-02 
 6.38000000e-01  4.58371914e-02 
 6.39000000e-01  4.58609406e-02 
 6.40000000e-01  4.58850480e-02 
 6.41000000e-01  4.59095187e-02 
 6.42000000e-01  4.59343575e-02 
 6.43000000e-01  4.59595695e-02 
 6.44000000e-01  4.59851598e-02 
 6.45000000e-01  4.60111337e-02 
 6.46000000e-01  4.60374963e-02 
 6.47000000e-01  4.60642531e-02 
 6.48000000e-01  4.60914093e-02 
 6.49000000e-01  4.61189704e-02 
 6.50000000e-01  4.61469420e-02 
 6.51000000e-01  4.61753297e-02 
 6.52000000e-01  4.62041391e-02 
 6.53000000e-01  4.62333760e-02 
 6.54000000e-01  4.62630462e-02 
 6.55000000e-01  4.62931556e-02 
 6.56000000e-01  4.63237102e-02 
 6.57000000e-01  4.63547160e-02 
 6.58000000e-01  4.63861791e-02 
 6.59000000e-01  4.64181058e-02 
 6.60000000e-01  4.64505022e-02 
 6.61000000e-01  4.64833748e-02 
 6.62000000e-01  4.65167300e-02 
 6.63000000e-01  4.65505744e-02 
 6.64000000e-01  4.65849144e-02 
 6.65000000e-01  4.66197568e-02 
 6.66000000e-01  4.66551084e-02 
 6.67000000e-01  4.66909760e-02 
 6.68000000e-01  4.67273665e-02 
 6.69000000e-01  4.67642870e-02 
 6.70000000e-01  4.68017446e-02 
 6.71000000e-01  4.68397463e-02 
 6.72000000e-01  4.68782996e-02 
 6.73000000e-01  4.69174118e-02 
 6.74000000e-01  4.69570903e-02 
 6.75000000e-01  4.69973427e-02 
 6.76000000e-01  4.70381767e-02 
 6.77000000e-01  4.70795999e-02 
 6.78000000e-01  4.71216202e-02 
 6.79000000e-01  4.71642454e-02 
 6.80000000e-01  4.72074837e-02 
 6.81000000e-01  4.72513431e-02 
 6.82000000e-01  4.72958317e-02 
 6.83000000e-01  4.73409580e-02 
 6.84000000e-01  4.73867302e-02 
 6.85000000e-01  4.74331570e-02 
 6.86000000e-01  4.74802467e-02 
 6.87000000e-01  4.75280083e-02 
 6.88000000e-01  4.75764503e-02 
 6.89000000e-01  4.76255818e-02 
 6.90000000e-01  4.76754117e-02 
 6.91000000e-01  4.77259491e-02 
 6.92000000e-01  4.77772032e-02 
 6.93000000e-01  4.78291832e-02 
 6.94000000e-01  4.78818987e-02 
 6.95000000e-01  4.79353590e-02 
 6.96000000e-01  4.79895739e-02 
 6.97000000e-01  4.80445529e-02 
 6.98000000e-01  4.81003060e-02 
 6.99000000e-01  4.81568431e-02 
 7.00000000e-01  4.82141741e-02 
 7.01000000e-01  4.82723093e-02 
 7.02000000e-01  4.83312589e-02 
 7.03000000e-01  4.83910333e-02 
 7.04000000e-01  4.84516428e-02 
 7.05000000e-01  4.85130982e-02 
 7.06000000e-01  4.85754101e-02 
 7.07000000e-01  4.86385892e-02 
 7.08000000e-01  4.87026466e-02 
 7.09000000e-01  4.87675932e-02 
 7.10000000e-01  4.88334402e-02 
 7.11000000e-01  4.89001988e-02 
 7.12000000e-01  4.89678804e-02 
 7.13000000e-01  4.90364964e-02 
 7.14000000e-01  4.91060585e-02 
 7.15000000e-01  4.91765784e-02 
 7.16000000e-01  4.92480678e-02 
 7.17000000e-01  4.93205387e-02 
 7.18000000e-01  4.93940031e-02 
 7.19000000e-01  4.94684733e-02 
 7.20000000e-01  4.95439614e-02 
 7.21000000e-01  4.96204799e-02 
 7.22000000e-01  4.96980413e-02 
 7.23000000e-01  4.97766581e-02 
 7.24000000e-01  4.98563432e-02 
 7.25000000e-01  4.99371093e-02 
 7.26000000e-01  5.00189695e-02 
 7.27000000e-01  5.01019367e-02 
 7.28000000e-01  5.01860243e-02 
 7.29000000e-01  5.02712454e-02 
 7.30000000e-01  5.03576136e-02 
 7.31000000e-01  5.04451423e-02 
 7.32000000e-01  5.05338452e-02 
 7.33000000e-01  5.06237360e-02 
 7.34000000e-01  5.07148287e-02 
 7.35000000e-01  5.08071372e-02 
 7.36000000e-01  5.09006755e-02 
 7.37000000e-01  5.09954580e-02 
 7.38000000e-01  5.10914989e-02 
 7.39000000e-01  5.11888126e-02 
 7.40000000e-01  5.12874137e-02 
 7.41000000e-01  5.13873168e-02 
 7.42000000e-01  5.14885367e-02 
 7.43000000e-01  5.15910882e-02 
 7.44000000e-01  5.16949863e-02 
 7.45000000e-01  5.18002460e-02 
 7.46000000e-01  5.19068826e-02 
 7.47000000e-01  5.20149112e-02 
 7.48000000e-01  5.21243474e-02 
 7.49000000e-01  5.22352065e-02 
 7.50000000e-01  5.23475041e-02 
 7.51000000e-01  5.24612559e-02 
 7.52000000e-01  5.25764777e-02 
 7.53000000e-01  5.26931853e-02 
 7.54000000e-01  5.28113947e-02 
 7.55000000e-01  5.29311219e-02 
 7.56000000e-01  5.30523832e-02 
 7.57000000e-01  5.31751946e-02 
 7.58000000e-01  5.32995726e-02 
 7.59000000e-01  5.34255336e-02 
 7.60000000e-01  5.35530939e-02 
 7.61000000e-01  5.36822703e-02 
 7.62000000e-01  5.38130793e-02 
 7.63000000e-01  5.39455377e-02 
 7.64000000e-01  5.40796623e-02 
 7.65000000e-01  5.42154699e-02 
 7.66000000e-01  5.43529775e-02 
 7.67000000e-01  5.44922021e-02 
 7.68000000e-01  5.46331608e-02 
 7.69000000e-01  5.47758707e-02 
 7.70000000e-01  5.49203491e-02 
 7.71000000e-01  5.50666131e-02 
 7.72000000e-01  5.52146802e-02 
 7.73000000e-01  5.53645677e-02 
 7.74000000e-01  5.55162931e-02 
 7.75000000e-01  5.56698737e-02 
 7.76000000e-01  5.58253271e-02 
 7.77000000e-01  5.59826708e-02 
 7.78000000e-01  5.61419225e-02 
 7.79000000e-01  5.63030998e-02 
 7.80000000e-01  5.64662204e-02 
 7.81000000e-01  5.66313018e-02 
 7.82000000e-01  5.67983619e-02 
 7.83000000e-01  5.69674184e-02 
 7.84000000e-01  5.71384890e-02 
 7.85000000e-01  5.73115914e-02 
 7.86000000e-01  5.74867436e-02 
 7.87000000e-01  5.76639631e-02 
 7.88000000e-01  5.78432679e-02 
 7.89000000e-01  5.80246757e-02 
 7.90000000e-01  5.82082043e-02 
 7.91000000e-01  5.83938714e-02 
 7.92000000e-01  5.85816948e-02 
 7.93000000e-01  5.87716922e-02 
 7.94000000e-01  5.89638814e-02 
 7.95000000e-01  5.91582800e-02 
 7.96000000e-01  5.93549057e-02 
 7.97000000e-01  5.95537761e-02 
 7.98000000e-01  5.97549088e-02 
 7.99000000e-01  5.99583213e-02 
 8.00000000e-01  6.01640311e-02 
 8.01000000e-01  6.03720556e-02 
 8.02000000e-01  6.05824122e-02 
 8.03000000e-01  6.07951182e-02 
 8.04000000e-01  6.10101908e-02 
 8.05000000e-01  6.12276473e-02 
 8.06000000e-01  6.14475047e-02 
 8.07000000e-01  6.16697800e-02 
 8.08000000e-01  6.18944901e-02 
 8.09000000e-01  6.21216518e-02 
 8.10000000e-01  6.23512819e-02 
 8.11000000e-01  6.25833971e-02 
 8.12000000e-01  6.28180137e-02 
 8.13000000e-01  6.30551482e-02 
 8.14000000e-01  6.32948169e-02 
 8.15000000e-01  6.35370360e-02 
 8.16000000e-01  6.37818214e-02 
 8.17000000e-01  6.40291891e-02 
 8.18000000e-01  6.42791549e-02 
 8.19000000e-01  6.45317342e-02 
 8.20000000e-01  6.47869426e-02 
 8.21000000e-01  6.50447954e-02 
 8.22000000e-01  6.53053077e-02 
 8.23000000e-01  6.55684945e-02 
 8.24000000e-01  6.58343705e-02 
 8.25000000e-01  6.61029505e-02 
 8.26000000e-01  6.63742488e-02 
 8.27000000e-01  6.66482798e-02 
 8.28000000e-01  6.69250573e-02 
 8.29000000e-01  6.72045955e-02 
 8.30000000e-01  6.74869077e-02 
 8.31000000e-01  6.77720077e-02 
 8.32000000e-01  6.80599084e-02 
 8.33000000e-01  6.83506231e-02 
 8.34000000e-01  6.86441645e-02 
 8.35000000e-01  6.89405451e-02 
 8.36000000e-01  6.92397772e-02 
 8.37000000e-01  6.95418730e-02 
 8.38000000e-01  6.98468444e-02 
 8.39000000e-01  7.01547028e-02 
 8.40000000e-01  7.04654598e-02 
 8.41000000e-01  7.07791262e-02 
 8.42000000e-01  7.10957131e-02 
 8.43000000e-01  7.14152309e-02 
 8.44000000e-01  7.17376899e-02 
 8.45000000e-01  7.20631002e-02 
 8.46000000e-01  7.23914715e-02 
 8.47000000e-01  7.27228132e-02 
 8.48000000e-01  7.30571345e-02 
 8.49000000e-01  7.33944443e-02 
 8.50000000e-01  7.37347511e-02 
 8.51000000e-01  7.40780633e-02 
 8.52000000e-01  7.44243888e-02 
 8.53000000e-01  7.47737352e-02 
 8.54000000e-01  7.51261100e-02 
 8.55000000e-01  7.54815201e-02 
 8.56000000e-01  7.58399723e-02 
 8.57000000e-01  7.62014730e-02 
 8.58000000e-01  7.65660283e-02 
 8.59000000e-01  7.69336440e-02 
 8.60000000e-01  7.73043255e-02 
 8.61000000e-01  7.76780778e-02 
 8.62000000e-01  7.80549057e-02 
 8.63000000e-01  7.84348138e-02 
 8.64000000e-01  7.88178060e-02 
 8.65000000e-01  7.92038862e-02 
 8.66000000e-01  7.95930577e-02 
 8.67000000e-01  7.99853235e-02 
 8.68000000e-01  8.03806866e-02 
 8.69000000e-01  8.07791491e-02 
 8.70000000e-01  8.11807132e-02 
 8.71000000e-01  8.15853805e-02 
 8.72000000e-01  8.19931524e-02 
 8.73000000e-01  8.24040298e-02 
 8.74000000e-01  8.28180135e-02 
 8.75000000e-01  8.32351035e-02 
 8.76000000e-01  8.36553000e-02 
 8.77000000e-01  8.40786024e-02 
 8.78000000e-01  8.45050100e-02 
 8.79000000e-01  8.49345216e-02 
 8.80000000e-01  8.53671358e-02 
 8.81000000e-01  8.58028508e-02 
 8.82000000e-01  8.62416643e-02 
 8.83000000e-01  8.66835739e-02 
 8.84000000e-01  8.71285766e-02 
 8.85000000e-01  8.75766693e-02 
 8.86000000e-01  8.80278482e-02 
 8.87000000e-01  8.84821096e-02 
 8.88000000e-01  8.89394492e-02 
 8.89000000e-01  8.93998623e-02 
 8.90000000e-01  8.98633440e-02 
 8.91000000e-01  9.03298890e-02 
 8.92000000e-01  9.07994917e-02 
 8.93000000e-01  9.12721461e-02 
 8.94000000e-01  9.17478459e-02 
 8.95000000e-01  9.22265846e-02 
 8.96000000e-01  9.27083551e-02 
 8.97000000e-01  9.31931502e-02 
 8.98000000e-01  9.36809623e-02 
 8.99000000e-01  9.41717835e-02 
 9.00000000e-01  9.46656055e-02 
 9.01000000e-01  9.51624199e-02 
 9.02000000e-01  9.56622177e-02 
 9.03000000e-01  9.61649898e-02 
 9.04000000e-01  9.66707268e-02 
 9.05000000e-01  9.71794189e-02 
 9.06000000e-01  9.76910560e-02 
 9.07000000e-01  9.82056279e-02 
 9.08000000e-01  9.87231239e-02 
 9.09000000e-01  9.92435330e-02 
 9.10000000e-01  9.97668442e-02 
 9.11000000e-01  1.00293046e-01 
 9.12000000e-01  1.00822127e-01 
 9.13000000e-01  1.01354074e-01 
 9.14000000e-01  1.01888876e-01 
 9.15000000e-01  1.02426520e-01 
 9.16000000e-01  1.02966994e-01 
 9.17000000e-01  1.03510284e-01 
 9.18000000e-01  1.04056377e-01 
 9.19000000e-01  1.04605259e-01 
 9.20000000e-01  1.05156918e-01 
 9.21000000e-01  1.05711338e-01 
 9.22000000e-01  1.06268507e-01 
 9.23000000e-01  1.06828409e-01 
 9.24000000e-01  1.07391030e-01 
 9.25000000e-01  1.07956355e-01 
 9.26000000e-01  1.08524369e-01 
 9.27000000e-01  1.09095057e-01 
 9.28000000e-01  1.09668404e-01 
 9.29000000e-01  1.10244394e-01 
 9.30000000e-01  1.10823011e-01 
 9.31000000e-01  1.11404240e-01 
 9.32000000e-01  1.11988064e-01 
 9.33000000e-01  1.12574467e-01 
 9.34000000e-01  1.13163433e-01 
 9.35000000e-01  1.13754946e-01 
 9.36000000e-01  1.14348987e-01 
 9.37000000e-01  1.14945542e-01 
 9.38000000e-01  1.15544592e-01 
 9.39000000e-01  1.16146121e-01 
 9.40000000e-01  1.16750112e-01 
 9.41000000e-01  1.17356546e-01 
 9.42000000e-01  1.17965408e-01 
 9.43000000e-01  1.18576678e-01 
 9.44000000e-01  1.19190340e-01 
 9.45000000e-01  1.19806376e-01 
 9.46000000e-01  1.20424767e-01 
 9.47000000e-01  1.21045496e-01 
 9.48000000e-01  1.21668546e-01 
 9.49000000e-01  1.22293897e-01 
 9.50000000e-01  1.22921532e-01 
 9.51000000e-01  1.23551432e-01 
 9.52000000e-01  1.24183579e-01 
 9.53000000e-01  1.24817955e-01 
 9.54000000e-01  1.25454542e-01 
 9.55000000e-01  1.26093320e-01 
 9.56000000e-01  1.26734272e-01 
 9.57000000e-01  1.27377378e-01 
 9.58000000e-01  1.28022621e-01 
 9.59000000e-01  1.28669982e-01 
 9.60000000e-01  1.29319442e-01 
 9.61000000e-01  1.29970982e-01 
 9.62000000e-01  1.30624583e-01 
 9.63000000e-01  1.31280228e-01 
 9.64000000e-01  1.31937898e-01 
 9.65000000e-01  1.32597573e-01 
 9.66000000e-01  1.33259235e-01 
 9.67000000e-01  1.33922865e-01 
 9.68000000e-01  1.34588445e-01 
 9.69000000e-01  1.35255956e-01 
 9.70000000e-01  1.35925380e-01 
 9.71000000e-01  1.36596698e-01 
 9.72000000e-01  1.37269890e-01 
 9.73000000e-01  1.37944940e-01 
 9.74000000e-01  1.38621827e-01 
 9.75000000e-01  1.39300534e-01 
 9.76000000e-01  1.39981043e-01 
 9.77000000e-01  1.40663334e-01 
 9.78000000e-01  1.41347389e-01 
 9.79000000e-01  1.42033191e-01 
 9.80000000e-01  1.42720721e-01 
 9.81000000e-01  1.43409960e-01 
 9.82000000e-01  1.44100891e-01 
 9.83000000e-01  1.44793495e-01 
 9.84000000e-01  1.45487754e-01 
 9.85000000e-01  1.46183651e-01 
 9.86000000e-01  1.46881168e-01 
 9.87000000e-01  1.47580286e-01 
 9.88000000e-01  1.48280988e-01 
 9.89000000e-01  1.48983256e-01 
 9.90000000e-01  1.49687073e-01 
 9.91000000e-01  1.50392422e-01 
 9.92000000e-01  1.51099284e-01 
 9.93000000e-01  1.51807642e-01 
 9.94000000e-01  1.52517480e-01 
 9.95000000e-01  1.53228779e-01 
 9.96000000e-01  1.53941524e-01 
 9.97000000e-01  1.54655697e-01 
 9.98000000e-01  1.55371280e-01 
 9.99000000e-01  1.56088258e-01 
 1.00000000e+00  1.56806614e-01 
