 0.00000000e+00  2.55041276e+00 
 1.00000000e-03  2.62972111e+00 
 2.00000000e-03  2.71148923e+00 
 3.00000000e-03  2.79579323e+00 
 4.00000000e-03  2.88271154e+00 
 5.00000000e-03  2.97232503e+00 
 6.00000000e-03  3.06471707e+00 
 7.00000000e-03  3.15997358e+00 
 8.00000000e-03  3.25818316e+00 
 9.00000000e-03  3.35943711e+00 
 1.00000000e-02  3.46382956e+00 
 1.10000000e-02  3.57145755e+00 
 1.20000000e-02  3.68242112e+00 
 1.30000000e-02  3.79682336e+00 
 1.40000000e-02  3.91477057e+00 
 1.50000000e-02  4.03637232e+00 
 1.60000000e-02  4.16174154e+00 
 1.70000000e-02  4.29099468e+00 
 1.80000000e-02  4.42425174e+00 
 1.90000000e-02  4.56163644e+00 
 2.00000000e-02  4.70327630e+00 
 2.10000000e-02  4.84930277e+00 
 2.20000000e-02  4.99985137e+00 
 2.30000000e-02  5.15506177e+00 
 2.40000000e-02  5.31507796e+00 
 2.50000000e-02  5.48004836e+00 
 2.60000000e-02  5.65012595e+00 
 2.70000000e-02  5.82546844e+00 
 2.80000000e-02  6.00623838e+00 
 2.90000000e-02  6.19260334e+00 
 3.00000000e-02  6.38473604e+00 
 3.10000000e-02  6.58281452e+00 
 3.20000000e-02  6.78702231e+00 
 3.30000000e-02  6.99754856e+00 
 3.40000000e-02  7.21458828e+00 
 3.50000000e-02  7.43834245e+00 
 3.60000000e-02  7.66901826e+00 
 3.70000000e-02  7.90682925e+00 
 3.80000000e-02  8.15199556e+00 
 3.90000000e-02  8.40474407e+00 
 4.00000000e-02  8.66530866e+00 
 4.10000000e-02  8.93393040e+00 
 4.20000000e-02  9.21085777e+00 
 4.30000000e-02  9.49634690e+00 
 4.40000000e-02  9.79066178e+00 
 4.50000000e-02  1.00940745e+01 
 4.60000000e-02  1.04068656e+01 
 4.70000000e-02  1.07293242e+01 
 4.80000000e-02  1.10617482e+01 
 4.90000000e-02  1.14044448e+01 
 5.00000000e-02  1.17577306e+01 
 5.10000000e-02  1.21219319e+01 
 5.20000000e-02  1.24973850e+01 
 5.30000000e-02  1.28844367e+01 
 5.40000000e-02  1.32834442e+01 
 5.50000000e-02  1.36947758e+01 
 5.60000000e-02  1.41188112e+01 
 5.70000000e-02  1.45559416e+01 
 5.80000000e-02  1.50065704e+01 
 5.90000000e-02  1.54711131e+01 
 6.00000000e-02  1.59499982e+01 
 6.10000000e-02  1.64436673e+01 
 6.20000000e-02  1.69525755e+01 
 6.30000000e-02  1.74771920e+01 
 6.40000000e-02  1.80180001e+01 
 6.50000000e-02  1.85754983e+01 
 6.60000000e-02  1.91502002e+01 
 6.70000000e-02  1.97426351e+01 
 6.80000000e-02  2.03533486e+01 
 6.90000000e-02  2.09829031e+01 
 7.00000000e-02  2.16318782e+01 
 7.10000000e-02  2.23008713e+01 
 7.20000000e-02  2.29904979e+01 
 7.30000000e-02  2.37013928e+01 
 7.40000000e-02  2.44342098e+01 
 7.50000000e-02  2.51896231e+01 
 7.60000000e-02  2.59683272e+01 
 7.70000000e-02  2.67710383e+01 
 7.80000000e-02  2.75984942e+01 
 7.90000000e-02  2.84514555e+01 
 8.00000000e-02  2.93307059e+01 
 8.10000000e-02  3.02370534e+01 
 8.20000000e-02  3.11713305e+01 
 8.30000000e-02  3.21343952e+01 
 8.40000000e-02  3.31271319e+01 
 8.50000000e-02  3.41504519e+01 
 8.60000000e-02  3.52052947e+01 
 8.70000000e-02  3.62926281e+01 
 8.80000000e-02  3.74134499e+01 
 8.90000000e-02  3.85687882e+01 
 9.00000000e-02  3.97597028e+01 
 9.10000000e-02  4.09872855e+01 
 9.20000000e-02  4.22526620e+01 
 9.30000000e-02  4.35569920e+01 
 9.40000000e-02  4.49014708e+01 
 9.50000000e-02  4.62873304e+01 
 9.60000000e-02  4.77158402e+01 
 9.70000000e-02  4.91883086e+01 
 9.80000000e-02  5.07060838e+01 
 9.90000000e-02  5.22705554e+01 
 1.00000000e-01  5.38831553e+01 
 1.01000000e-01  5.55453592e+01 
 1.02000000e-01  5.72586877e+01 
 1.03000000e-01  5.90247081e+01 
 1.04000000e-01  6.08450354e+01 
 1.05000000e-01  6.27213340e+01 
 1.06000000e-01  6.46553189e+01 
 1.07000000e-01  6.66487576e+01 
 1.08000000e-01  6.87034715e+01 
 1.09000000e-01  7.08213376e+01 
 1.10000000e-01  7.30042901e+01 
 1.11000000e-01  7.52543221e+01 
 1.12000000e-01  7.75734877e+01 
 1.13000000e-01  7.99639035e+01 
 1.14000000e-01  8.24277505e+01 
 1.15000000e-01  8.49672764e+01 
 1.16000000e-01  8.75847972e+01 
 1.17000000e-01  9.02826997e+01 
 1.18000000e-01  9.30634431e+01 
 1.19000000e-01  9.59295617e+01 
 1.20000000e-01  9.88836670e+01 
 1.21000000e-01  1.01928450e+02 
 1.22000000e-01  1.05066683e+02 
 1.23000000e-01  1.08301224e+02 
 1.24000000e-01  1.11635017e+02 
 1.25000000e-01  1.15071096e+02 
 1.26000000e-01  1.18612587e+02 
 1.27000000e-01  1.22262710e+02 
 1.28000000e-01  1.26024786e+02 
 1.29000000e-01  1.29902233e+02 
 1.30000000e-01  1.33898576e+02 
 1.31000000e-01  1.38017447e+02 
 1.32000000e-01  1.42262586e+02 
 1.33000000e-01  1.46637848e+02 
 1.34000000e-01  1.51147206e+02 
 1.35000000e-01  1.55794752e+02 
 1.36000000e-01  1.60584703e+02 
 1.37000000e-01  1.65521405e+02 
 1.38000000e-01  1.70609333e+02 
 1.39000000e-01  1.75853102e+02 
 1.40000000e-01  1.81257463e+02 
 1.41000000e-01  1.86827313e+02 
 1.42000000e-01  1.92567698e+02 
 1.43000000e-01  1.98483816e+02 
 1.44000000e-01  2.04581021e+02 
 1.45000000e-01  2.10864834e+02 
 1.46000000e-01  2.17340938e+02 
 1.47000000e-01  2.24015190e+02 
 1.48000000e-01  2.30893627e+02 
 1.49000000e-01  2.37982465e+02 
 1.50000000e-01  2.45288110e+02 
 1.51000000e-01  2.52817161e+02 
 1.52000000e-01  2.60576417e+02 
 1.53000000e-01  2.68572884e+02 
 1.54000000e-01  2.76813777e+02 
 1.55000000e-01  2.85306532e+02 
 1.56000000e-01  2.94058808e+02 
 1.57000000e-01  3.03078495e+02 
 1.58000000e-01  3.12373723e+02 
 1.59000000e-01  3.21952867e+02 
 1.60000000e-01  3.31824553e+02 
 1.61000000e-01  3.41997671e+02 
 1.62000000e-01  3.52481375e+02 
 1.63000000e-01  3.63285099e+02 
 1.64000000e-01  3.74418559e+02 
 1.65000000e-01  3.85891765e+02 
 1.66000000e-01  3.97715028e+02 
 1.67000000e-01  4.09898970e+02 
 1.68000000e-01  4.22454534e+02 
 1.69000000e-01  4.35392990e+02 
 1.70000000e-01  4.48725951e+02 
 1.71000000e-01  4.62465376e+02 
 1.72000000e-01  4.76623586e+02 
 1.73000000e-01  4.91213271e+02 
 1.74000000e-01  5.06247504e+02 
 1.75000000e-01  5.21739751e+02 
 1.76000000e-01  5.37703881e+02 
 1.77000000e-01  5.54154181e+02 
 1.78000000e-01  5.71105367e+02 
 1.79000000e-01  5.88572596e+02 
 1.80000000e-01  6.06571481e+02 
 1.81000000e-01  6.25118103e+02 
 1.82000000e-01  6.44229024e+02 
 1.83000000e-01  6.63921304e+02 
 1.84000000e-01  6.84212514e+02 
 1.85000000e-01  7.05120751e+02 
 1.86000000e-01  7.26664655e+02 
 1.87000000e-01  7.48863423e+02 
 1.88000000e-01  7.71736826e+02 
 1.89000000e-01  7.95305228e+02 
 1.90000000e-01  8.19589601e+02 
 1.91000000e-01  8.44611544e+02 
 1.92000000e-01  8.70393302e+02 
 1.93000000e-01  8.96957783e+02 
 1.94000000e-01  9.24328580e+02 
 1.95000000e-01  9.52529991e+02 
 1.96000000e-01  9.81587037e+02 
 1.97000000e-01  1.01152549e+03 
 1.98000000e-01  1.04237188e+03 
 1.99000000e-01  1.07415353e+03 
 2.00000000e-01  1.10689859e+03 
 2.01000000e-01  1.14063604e+03 
 2.02000000e-01  1.17539572e+03 
 2.03000000e-01  1.21120835e+03 
 2.04000000e-01  1.24810558e+03 
 2.05000000e-01  1.28611998e+03 
 2.06000000e-01  1.32528512e+03 
 2.07000000e-01  1.36563554e+03 
 2.08000000e-01  1.40720680e+03 
 2.09000000e-01  1.45003554e+03 
 2.10000000e-01  1.49415946e+03 
 2.11000000e-01  1.53961740e+03 
 2.12000000e-01  1.58644934e+03 
 2.13000000e-01  1.63469644e+03 
 2.14000000e-01  1.68440109e+03 
 2.15000000e-01  1.73560691e+03 
 2.16000000e-01  1.78835884e+03 
 2.17000000e-01  1.84270312e+03 
 2.18000000e-01  1.89868738e+03 
 2.19000000e-01  1.95636063e+03 
 2.20000000e-01  2.01577335e+03 
 2.21000000e-01  2.07697750e+03 
 2.22000000e-01  2.14002655e+03 
 2.23000000e-01  2.20497558e+03 
 2.24000000e-01  2.27188126e+03 
 2.25000000e-01  2.34080195e+03 
 2.26000000e-01  2.41179770e+03 
 2.27000000e-01  2.48493036e+03 
 2.28000000e-01  2.56026356e+03 
 2.29000000e-01  2.63786282e+03 
 2.30000000e-01  2.71779557e+03 
 2.31000000e-01  2.80013122e+03 
 2.32000000e-01  2.88494120e+03 
 2.33000000e-01  2.97229906e+03 
 2.34000000e-01  3.06228047e+03 
 2.35000000e-01  3.15496333e+03 
 2.36000000e-01  3.25042780e+03 
 2.37000000e-01  3.34875641e+03 
 2.38000000e-01  3.45003405e+03 
 2.39000000e-01  3.55434813e+03 
 2.40000000e-01  3.66178858e+03 
 2.41000000e-01  3.77244794e+03 
 2.42000000e-01  3.88642148e+03 
 2.43000000e-01  4.00380719e+03 
 2.44000000e-01  4.12470595e+03 
 2.45000000e-01  4.24922152e+03 
 2.46000000e-01  4.37746072e+03 
 2.47000000e-01  4.50953342e+03 
 2.48000000e-01  4.64555271e+03 
 2.49000000e-01  4.78563491e+03 
 2.50000000e-01  4.92989973e+03 
 2.51000000e-01  5.07847033e+03 
 2.52000000e-01  5.23147343e+03 
 2.53000000e-01  5.38903939e+03 
 2.54000000e-01  5.55130233e+03 
 2.55000000e-01  5.71840023e+03 
 2.56000000e-01  5.89047505e+03 
 2.57000000e-01  6.06767281e+03 
 2.58000000e-01  6.25014373e+03 
 2.59000000e-01  6.43804233e+03 
 2.60000000e-01  6.63152757e+03 
 2.61000000e-01  6.83076294e+03 
 2.62000000e-01  7.03591664e+03 
 2.63000000e-01  7.24716163e+03 
 2.64000000e-01  7.46467584e+03 
 2.65000000e-01  7.68864226e+03 
 2.66000000e-01  7.91924909e+03 
 2.67000000e-01  8.15668990e+03 
 2.68000000e-01  8.40116372e+03 
 2.69000000e-01  8.65287529e+03 
 2.70000000e-01  8.91203512e+03 
 2.71000000e-01  9.17885967e+03 
 2.72000000e-01  9.45357158e+03 
 2.73000000e-01  9.73639972e+03 
 2.74000000e-01  1.00275795e+04 
 2.75000000e-01  1.03273528e+04 
 2.76000000e-01  1.06359686e+04 
 2.77000000e-01  1.09536826e+04 
 2.78000000e-01  1.12807579e+04 
 2.79000000e-01  1.16174649e+04 
 2.80000000e-01  1.19640814e+04 
 2.81000000e-01  1.23208934e+04 
 2.82000000e-01  1.26881944e+04 
 2.83000000e-01  1.30662866e+04 
 2.84000000e-01  1.34554802e+04 
 2.85000000e-01  1.38560942e+04 
 2.86000000e-01  1.42684567e+04 
 2.87000000e-01  1.46929045e+04 
 2.88000000e-01  1.51297840e+04 
 2.89000000e-01  1.55794512e+04 
 2.90000000e-01  1.60422720e+04 
 2.91000000e-01  1.65186220e+04 
 2.92000000e-01  1.70088878e+04 
 2.93000000e-01  1.75134661e+04 
 2.94000000e-01  1.80327648e+04 
 2.95000000e-01  1.85672030e+04 
 2.96000000e-01  1.91172111e+04 
 2.97000000e-01  1.96832314e+04 
 2.98000000e-01  2.02657185e+04 
 2.99000000e-01  2.08651389e+04 
 3.00000000e-01  2.14819723e+04 
 3.01000000e-01  2.21167113e+04 
 3.02000000e-01  2.27698617e+04 
 3.03000000e-01  2.34419432e+04 
 3.04000000e-01  2.41334896e+04 
 3.05000000e-01  2.48450488e+04 
 3.06000000e-01  2.55771840e+04 
 3.07000000e-01  2.63304730e+04 
 3.08000000e-01  2.71055096e+04 
 3.09000000e-01  2.79029032e+04 
 3.10000000e-01  2.87232797e+04 
 3.11000000e-01  2.95672816e+04 
 3.12000000e-01  3.04355686e+04 
 3.13000000e-01  3.13288179e+04 
 3.14000000e-01  3.22477249e+04 
 3.15000000e-01  3.31930031e+04 
 3.16000000e-01  3.41653850e+04 
 3.17000000e-01  3.51656227e+04 
 3.18000000e-01  3.61944876e+04 
 3.19000000e-01  3.72527719e+04 
 3.20000000e-01  3.83412883e+04 
 3.21000000e-01  3.94608707e+04 
 3.22000000e-01  4.06123751e+04 
 3.23000000e-01  4.17966793e+04 
 3.24000000e-01  4.30146845e+04 
 3.25000000e-01  4.42673147e+04 
 3.26000000e-01  4.55555184e+04 
 3.27000000e-01  4.68802680e+04 
 3.28000000e-01  4.82425614e+04 
 3.29000000e-01  4.96434217e+04 
 3.30000000e-01  5.10838987e+04 
 3.31000000e-01  5.25650686e+04 
 3.32000000e-01  5.40880353e+04 
 3.33000000e-01  5.56539306e+04 
 3.34000000e-01  5.72639151e+04 
 3.35000000e-01  5.89191787e+04 
 3.36000000e-01  6.06209412e+04 
 3.37000000e-01  6.23704533e+04 
 3.38000000e-01  6.41689968e+04 
 3.39000000e-01  6.60178859e+04 
 3.40000000e-01  6.79184672e+04 
 3.41000000e-01  6.98721209e+04 
 3.42000000e-01  7.18802614e+04 
 3.43000000e-01  7.39443382e+04 
 3.44000000e-01  7.60658363e+04 
 3.45000000e-01  7.82462772e+04 
 3.46000000e-01  8.04872197e+04 
 3.47000000e-01  8.27902606e+04 
 3.48000000e-01  8.51570354e+04 
 3.49000000e-01  8.75892196e+04 
 3.50000000e-01  9.00885287e+04 
 3.51000000e-01  9.26567198e+04 
 3.52000000e-01  9.52955921e+04 
 3.53000000e-01  9.80069878e+04 
 3.54000000e-01  1.00792793e+05 
 3.55000000e-01  1.03654938e+05 
 3.56000000e-01  1.06595400e+05 
 3.57000000e-01  1.09616201e+05 
 3.58000000e-01  1.12719413e+05 
 3.59000000e-01  1.15907154e+05 
 3.60000000e-01  1.19181592e+05 
 3.61000000e-01  1.22544945e+05 
 3.62000000e-01  1.25999484e+05 
 3.63000000e-01  1.29547530e+05 
 3.64000000e-01  1.33191459e+05 
 3.65000000e-01  1.36933699e+05 
 3.66000000e-01  1.40776736e+05 
 3.67000000e-01  1.44723109e+05 
 3.68000000e-01  1.48775417e+05 
 3.69000000e-01  1.52936316e+05 
 3.70000000e-01  1.57208521e+05 
 3.71000000e-01  1.61594807e+05 
 3.72000000e-01  1.66098011e+05 
 3.73000000e-01  1.70721034e+05 
 3.74000000e-01  1.75466836e+05 
 3.75000000e-01  1.80338447e+05 
 3.76000000e-01  1.85338959e+05 
 3.77000000e-01  1.90471531e+05 
 3.78000000e-01  1.95739391e+05 
 3.79000000e-01  2.01145835e+05 
 3.80000000e-01  2.06694229e+05 
 3.81000000e-01  2.12388011e+05 
 3.82000000e-01  2.18230689e+05 
 3.83000000e-01  2.24225848e+05 
 3.84000000e-01  2.30377143e+05 
 3.85000000e-01  2.36688308e+05 
 3.86000000e-01  2.43163151e+05 
 3.87000000e-01  2.49805559e+05 
 3.88000000e-01  2.56619498e+05 
 3.89000000e-01  2.63609014e+05 
 3.90000000e-01  2.70778234e+05 
 3.91000000e-01  2.78131365e+05 
 3.92000000e-01  2.85672700e+05 
 3.93000000e-01  2.93406615e+05 
 3.94000000e-01  3.01337571e+05 
 3.95000000e-01  3.09470118e+05 
 3.96000000e-01  3.17808890e+05 
 3.97000000e-01  3.26358611e+05 
 3.98000000e-01  3.35124097e+05 
 3.99000000e-01  3.44110251e+05 
 4.00000000e-01  3.53322070e+05 
 4.01000000e-01  3.62764644e+05 
 4.02000000e-01  3.72443155e+05 
 4.03000000e-01  3.82362881e+05 
 4.04000000e-01  3.92529197e+05 
 4.05000000e-01  4.02947572e+05 
 4.06000000e-01  4.13623575e+05 
 4.07000000e-01  4.24562873e+05 
 4.08000000e-01  4.35771232e+05 
 4.09000000e-01  4.47254520e+05 
 4.10000000e-01  4.59018705e+05 
 4.11000000e-01  4.71069858e+05 
 4.12000000e-01  4.83414152e+05 
 4.13000000e-01  4.96057865e+05 
 4.14000000e-01  5.09007380e+05 
 4.15000000e-01  5.22269185e+05 
 4.16000000e-01  5.35849873e+05 
 4.17000000e-01  5.49756146e+05 
 4.18000000e-01  5.63994813e+05 
 4.19000000e-01  5.78572790e+05 
 4.20000000e-01  5.93497103e+05 
 4.21000000e-01  6.08774888e+05 
 4.22000000e-01  6.24413391e+05 
 4.23000000e-01  6.40419967e+05 
 4.24000000e-01  6.56802083e+05 
 4.25000000e-01  6.73567318e+05 
 4.26000000e-01  6.90723364e+05 
 4.27000000e-01  7.08278023e+05 
 4.28000000e-01  7.26239212e+05 
 4.29000000e-01  7.44614959e+05 
 4.30000000e-01  7.63413407e+05 
 4.31000000e-01  7.82642813e+05 
 4.32000000e-01  8.02311545e+05 
 4.33000000e-01  8.22428089e+05 
 4.34000000e-01  8.43001042e+05 
 4.35000000e-01  8.64039116e+05 
 4.36000000e-01  8.85551139e+05 
 4.37000000e-01  9.07546051e+05 
 4.38000000e-01  9.30032908e+05 
 4.39000000e-01  9.53020878e+05 
 4.40000000e-01  9.76519245e+05 
 4.41000000e-01  1.00053741e+06 
 4.42000000e-01  1.02508487e+06 
 4.43000000e-01  1.05017127e+06 
 4.44000000e-01  1.07580634e+06 
 4.45000000e-01  1.10199992e+06 
 4.46000000e-01  1.12876198e+06 
 4.47000000e-01  1.15610261e+06 
 4.48000000e-01  1.18403197e+06 
 4.49000000e-01  1.21256038e+06 
 4.50000000e-01  1.24169823e+06 
 4.51000000e-01  1.27145606e+06 
 4.52000000e-01  1.30184448e+06 
 4.53000000e-01  1.33287424e+06 
 4.54000000e-01  1.36455618e+06 
 4.55000000e-01  1.39690125e+06 
 4.56000000e-01  1.42992051e+06 
 4.57000000e-01  1.46362513e+06 
 4.58000000e-01  1.49802639e+06 
 4.59000000e-01  1.53313565e+06 
 4.60000000e-01  1.56896439e+06 
 4.61000000e-01  1.60552420e+06 
 4.62000000e-01  1.64282676e+06 
 4.63000000e-01  1.68088386e+06 
 4.64000000e-01  1.71970738e+06 
 4.65000000e-01  1.75930930e+06 
 4.66000000e-01  1.79970172e+06 
 4.67000000e-01  1.84089680e+06 
 4.68000000e-01  1.88290682e+06 
 4.69000000e-01  1.92574416e+06 
 4.70000000e-01  1.96942128e+06 
 4.71000000e-01  2.01395073e+06 
 4.72000000e-01  2.05934518e+06 
 4.73000000e-01  2.10561735e+06 
 4.74000000e-01  2.15278009e+06 
 4.75000000e-01  2.20084632e+06 
 4.76000000e-01  2.24982904e+06 
 4.77000000e-01  2.29974137e+06 
 4.78000000e-01  2.35059647e+06 
 4.79000000e-01  2.40240763e+06 
 4.80000000e-01  2.45518821e+06 
 4.81000000e-01  2.50895163e+06 
 4.82000000e-01  2.56371143e+06 
 4.83000000e-01  2.61948122e+06 
 4.84000000e-01  2.67627467e+06 
 4.85000000e-01  2.73410558e+06 
 4.86000000e-01  2.79298777e+06 
 4.87000000e-01  2.85293520e+06 
 4.88000000e-01  2.91396186e+06 
 4.89000000e-01  2.97608186e+06 
 4.90000000e-01  3.03930935e+06 
 4.91000000e-01  3.10365859e+06 
 4.92000000e-01  3.16914391e+06 
 4.93000000e-01  3.23577970e+06 
 4.94000000e-01  3.30358046e+06 
 4.95000000e-01  3.37256075e+06 
 4.96000000e-01  3.44273520e+06 
 4.97000000e-01  3.51411854e+06 
 4.98000000e-01  3.58672556e+06 
 4.99000000e-01  3.66057113e+06 
 5.00000000e-01  3.73567023e+06 
 5.01000000e-01  3.81203787e+06 
 5.02000000e-01  3.88968918e+06 
 5.03000000e-01  3.96863935e+06 
 5.04000000e-01  4.04890367e+06 
 5.05000000e-01  4.13049750e+06 
 5.06000000e-01  4.21343629e+06 
 5.07000000e-01  4.29773557e+06 
 5.08000000e-01  4.38341097e+06 
 5.09000000e-01  4.47047820e+06 
 5.10000000e-01  4.55895305e+06 
 5.11000000e-01  4.64885142e+06 
 5.12000000e-01  4.74018929e+06 
 5.13000000e-01  4.83298275e+06 
 5.14000000e-01  4.92724797e+06 
 5.15000000e-01  5.02300123e+06 
 5.16000000e-01  5.12025893e+06 
 5.17000000e-01  5.21903753e+06 
 5.18000000e-01  5.31935364e+06 
 5.19000000e-01  5.42122396e+06 
 5.20000000e-01  5.52466531e+06 
 5.21000000e-01  5.62969462e+06 
 5.22000000e-01  5.73632894e+06 
 5.23000000e-01  5.84458546e+06 
 5.24000000e-01  5.95448147e+06 
 5.25000000e-01  6.06603441e+06 
 5.26000000e-01  6.17926185e+06 
 5.27000000e-01  6.29418148e+06 
 5.28000000e-01  6.41081116e+06 
 5.29000000e-01  6.52916887e+06 
 5.30000000e-01  6.64927277e+06 
 5.31000000e-01  6.77114114e+06 
 5.32000000e-01  6.89479244e+06 
 5.33000000e-01  7.02024529e+06 
 5.34000000e-01  7.14751849e+06 
 5.35000000e-01  7.27663099e+06 
 5.36000000e-01  7.40760194e+06 
 5.37000000e-01  7.54045067e+06 
 5.38000000e-01  7.67519669e+06 
 5.39000000e-01  7.81185971e+06 
 5.40000000e-01  7.95045966e+06 
 5.41000000e-01  8.09101664e+06 
 5.42000000e-01  8.23355100e+06 
 5.43000000e-01  8.37808329e+06 
 5.44000000e-01  8.52463427e+06 
 5.45000000e-01  8.67322498e+06 
 5.46000000e-01  8.82387664e+06 
 5.47000000e-01  8.97661076e+06 
 5.48000000e-01  9.13144907e+06 
 5.49000000e-01  9.28841358e+06 
 5.50000000e-01  9.44752655e+06 
 5.51000000e-01  9.60881052e+06 
 5.52000000e-01  9.77228831e+06 
 5.53000000e-01  9.93798302e+06 
 5.54000000e-01  1.01059180e+07 
 5.55000000e-01  1.02761171e+07 
 5.56000000e-01  1.04486041e+07 
 5.57000000e-01  1.06234035e+07 
 5.58000000e-01  1.08005399e+07 
 5.59000000e-01  1.09800382e+07 
 5.60000000e-01  1.11619238e+07 
 5.61000000e-01  1.13462223e+07 
 5.62000000e-01  1.15329598e+07 
 5.63000000e-01  1.17221627e+07 
 5.64000000e-01  1.19138576e+07 
 5.65000000e-01  1.21080717e+07 
 5.66000000e-01  1.23048326e+07 
 5.67000000e-01  1.25041682e+07 
 5.68000000e-01  1.27061068e+07 
 5.69000000e-01  1.29106771e+07 
 5.70000000e-01  1.31179083e+07 
 5.71000000e-01  1.33278300e+07 
 5.72000000e-01  1.35404723e+07 
 5.73000000e-01  1.37558655e+07 
 5.74000000e-01  1.39740408e+07 
 5.75000000e-01  1.41950294e+07 
 5.76000000e-01  1.44188633e+07 
 5.77000000e-01  1.46455749e+07 
 5.78000000e-01  1.48751970e+07 
 5.79000000e-01  1.51077631e+07 
 5.80000000e-01  1.53433070e+07 
 5.81000000e-01  1.55818631e+07 
 5.82000000e-01  1.58234664e+07 
 5.83000000e-01  1.60681524e+07 
 5.84000000e-01  1.63159572e+07 
 5.85000000e-01  1.65669174e+07 
 5.86000000e-01  1.68210702e+07 
 5.87000000e-01  1.70784534e+07 
 5.88000000e-01  1.73391053e+07 
 5.89000000e-01  1.76030650e+07 
 5.90000000e-01  1.78703721e+07 
 5.91000000e-01  1.81410667e+07 
 5.92000000e-01  1.84151898e+07 
 5.93000000e-01  1.86927829e+07 
 5.94000000e-01  1.89738881e+07 
 5.95000000e-01  1.92585484e+07 
 5.96000000e-01  1.95468072e+07 
 5.97000000e-01  1.98387087e+07 
 5.98000000e-01  2.01342979e+07 
 5.99000000e-01  2.04336205e+07 
 6.00000000e-01  2.07367228e+07 
 6.01000000e-01  2.10436520e+07 
 6.02000000e-01  2.13544558e+07 
 6.03000000e-01  2.16691830e+07 
 6.04000000e-01  2.19878829e+07 
 6.05000000e-01  2.23106058e+07 
 6.06000000e-01  2.26374026e+07 
 6.07000000e-01  2.29683252e+07 
 6.08000000e-01  2.33034262e+07 
 6.09000000e-01  2.36427590e+07 
 6.10000000e-01  2.39863780e+07 
 6.11000000e-01  2.43343385e+07 
 6.12000000e-01  2.46866964e+07 
 6.13000000e-01  2.50435088e+07 
 6.14000000e-01  2.54048336e+07 
 6.15000000e-01  2.57707295e+07 
 6.16000000e-01  2.61412563e+07 
 6.17000000e-01  2.65164746e+07 
 6.18000000e-01  2.68964462e+07 
 6.19000000e-01  2.72812337e+07 
 6.20000000e-01  2.76709007e+07 
 6.21000000e-01  2.80655119e+07 
 6.22000000e-01  2.84651328e+07 
 6.23000000e-01  2.88698304e+07 
 6.24000000e-01  2.92796722e+07 
 6.25000000e-01  2.96947272e+07 
 6.26000000e-01  3.01150654e+07 
 6.27000000e-01  3.05407577e+07 
 6.28000000e-01  3.09718763e+07 
 6.29000000e-01  3.14084947e+07 
 6.30000000e-01  3.18506871e+07 
 6.31000000e-01  3.22985294e+07 
 6.32000000e-01  3.27520984e+07 
 6.33000000e-01  3.32114721e+07 
 6.34000000e-01  3.36767299e+07 
 6.35000000e-01  3.41479524e+07 
 6.36000000e-01  3.46252213e+07 
 6.37000000e-01  3.51086199e+07 
 6.38000000e-01  3.55982326e+07 
 6.39000000e-01  3.60941451e+07 
 6.40000000e-01  3.65964446e+07 
 6.41000000e-01  3.71052196e+07 
 6.42000000e-01  3.76205601e+07 
 6.43000000e-01  3.81425574e+07 
 6.44000000e-01  3.86713042e+07 
 6.45000000e-01  3.92068949e+07 
 6.46000000e-01  3.97494250e+07 
 6.47000000e-01  4.02989920e+07 
 6.48000000e-01  4.08556946e+07 
 6.49000000e-01  4.14196330e+07 
 6.50000000e-01  4.19909093e+07 
 6.51000000e-01  4.25696270e+07 
 6.52000000e-01  4.31558912e+07 
 6.53000000e-01  4.37498088e+07 
 6.54000000e-01  4.43514882e+07 
 6.55000000e-01  4.49610398e+07 
 6.56000000e-01  4.55785754e+07 
 6.57000000e-01  4.62042088e+07 
 6.58000000e-01  4.68380555e+07 
 6.59000000e-01  4.74802329e+07 
 6.60000000e-01  4.81308601e+07 
 6.61000000e-01  4.87900583e+07 
 6.62000000e-01  4.94579504e+07 
 6.63000000e-01  5.01346614e+07 
 6.64000000e-01  5.08203181e+07 
 6.65000000e-01  5.15150495e+07 
 6.66000000e-01  5.22189865e+07 
 6.67000000e-01  5.29322621e+07 
 6.68000000e-01  5.36550113e+07 
 6.69000000e-01  5.43873715e+07 
 6.70000000e-01  5.51294819e+07 
 6.71000000e-01  5.58814841e+07 
 6.72000000e-01  5.66435220e+07 
 6.73000000e-01  5.74157416e+07 
 6.74000000e-01  5.81982913e+07 
 6.75000000e-01  5.89913218e+07 
 6.76000000e-01  5.97949862e+07 
 6.77000000e-01  6.06094399e+07 
 6.78000000e-01  6.14348409e+07 
 6.79000000e-01  6.22713496e+07 
 6.80000000e-01  6.31191288e+07 
 6.81000000e-01  6.39783441e+07 
 6.82000000e-01  6.48491635e+07 
 6.83000000e-01  6.57317578e+07 
 6.84000000e-01  6.66263002e+07 
 6.85000000e-01  6.75329670e+07 
 6.86000000e-01  6.84519369e+07 
 6.87000000e-01  6.93833915e+07 
 6.88000000e-01  7.03275155e+07 
 6.89000000e-01  7.12844960e+07 
 6.90000000e-01  7.22545234e+07 
 6.91000000e-01  7.32377908e+07 
 6.92000000e-01  7.42344946e+07 
 6.93000000e-01  7.52448340e+07 
 6.94000000e-01  7.62690114e+07 
 6.95000000e-01  7.73072322e+07 
 6.96000000e-01  7.83597052e+07 
 6.97000000e-01  7.94266422e+07 
 6.98000000e-01  8.05082585e+07 
 6.99000000e-01  8.16047725e+07 
 7.00000000e-01  8.27164060e+07 
 7.01000000e-01  8.38433843e+07 
 7.02000000e-01  8.49859361e+07 
 7.03000000e-01  8.61442937e+07 
 7.04000000e-01  8.73186926e+07 
 7.05000000e-01  8.85093723e+07 
 7.06000000e-01  8.97165758e+07 
 7.07000000e-01  9.09405495e+07 
 7.08000000e-01  9.21815441e+07 
 7.09000000e-01  9.34398135e+07 
 7.10000000e-01  9.47156158e+07 
 7.11000000e-01  9.60092128e+07 
 7.12000000e-01  9.73208703e+07 
 7.13000000e-01  9.86508580e+07 
 7.14000000e-01  9.99994498e+07 
 7.15000000e-01  1.01366923e+08 
 7.16000000e-01  1.02753560e+08 
 7.17000000e-01  1.04159647e+08 
 7.18000000e-01  1.05585475e+08 
 7.19000000e-01  1.07031336e+08 
 7.20000000e-01  1.08497531e+08 
 7.21000000e-01  1.09984363e+08 
 7.22000000e-01  1.11492139e+08 
 7.23000000e-01  1.13021171e+08 
 7.24000000e-01  1.14571776e+08 
 7.25000000e-01  1.16144274e+08 
 7.26000000e-01  1.17738991e+08 
 7.27000000e-01  1.19356258e+08 
 7.28000000e-01  1.20996409e+08 
 7.29000000e-01  1.22659784e+08 
 7.30000000e-01  1.24346726e+08 
 7.31000000e-01  1.26057586e+08 
 7.32000000e-01  1.27792717e+08 
 7.33000000e-01  1.29552477e+08 
 7.34000000e-01  1.31337230e+08 
 7.35000000e-01  1.33147345e+08 
 7.36000000e-01  1.34983196e+08 
 7.37000000e-01  1.36845160e+08 
 7.38000000e-01  1.38733622e+08 
 7.39000000e-01  1.40648969e+08 
 7.40000000e-01  1.42591597e+08 
 7.41000000e-01  1.44561903e+08 
 7.42000000e-01  1.46560292e+08 
 7.43000000e-01  1.48587173e+08 
 7.44000000e-01  1.50642960e+08 
 7.45000000e-01  1.52728073e+08 
 7.46000000e-01  1.54842938e+08 
 7.47000000e-01  1.56987983e+08 
 7.48000000e-01  1.59163645e+08 
 7.49000000e-01  1.61370365e+08 
 7.50000000e-01  1.63608589e+08 
 7.51000000e-01  1.65878768e+08 
 7.52000000e-01  1.68181359e+08 
 7.53000000e-01  1.70516824e+08 
 7.54000000e-01  1.72885631e+08 
 7.55000000e-01  1.75288252e+08 
 7.56000000e-01  1.77725167e+08 
 7.57000000e-01  1.80196858e+08 
 7.58000000e-01  1.82703815e+08 
 7.59000000e-01  1.85246531e+08 
 7.60000000e-01  1.87825508e+08 
 7.61000000e-01  1.90441248e+08 
 7.62000000e-01  1.93094263e+08 
 7.63000000e-01  1.95785069e+08 
 7.64000000e-01  1.98514185e+08 
 7.65000000e-01  2.01282138e+08 
 7.66000000e-01  2.04089459e+08 
 7.67000000e-01  2.06936684e+08 
 7.68000000e-01  2.09824354e+08 
 7.69000000e-01  2.12753017e+08 
 7.70000000e-01  2.15723223e+08 
 7.71000000e-01  2.18735528e+08 
 7.72000000e-01  2.21790495e+08 
 7.73000000e-01  2.24888688e+08 
 7.74000000e-01  2.28030680e+08 
 7.75000000e-01  2.31217044e+08 
 7.76000000e-01  2.34448363e+08 
 7.77000000e-01  2.37725219e+08 
 7.78000000e-01  2.41048203e+08 
 7.79000000e-01  2.44417908e+08 
 7.80000000e-01  2.47834932e+08 
 7.81000000e-01  2.51299876e+08 
 7.82000000e-01  2.54813347e+08 
 7.83000000e-01  2.58375954e+08 
 7.84000000e-01  2.61988311e+08 
 7.85000000e-01  2.65651037e+08 
 7.86000000e-01  2.69364751e+08 
 7.87000000e-01  2.73130078e+08 
 7.88000000e-01  2.76947646e+08 
 7.89000000e-01  2.80818086e+08 
 7.90000000e-01  2.84742033e+08 
 7.91000000e-01  2.88720122e+08 
 7.92000000e-01  2.92752993e+08 
 7.93000000e-01  2.96841289e+08 
 7.94000000e-01  3.00985654e+08 
 7.95000000e-01  3.05186735e+08 
 7.96000000e-01  3.09445179e+08 
 7.97000000e-01  3.13761638e+08 
 7.98000000e-01  3.18136763e+08 
 7.99000000e-01  3.22571209e+08 
 8.00000000e-01  3.27065628e+08 
 8.01000000e-01  3.31620678e+08 
 8.02000000e-01  3.36237014e+08 
 8.03000000e-01  3.40915293e+08 
 8.04000000e-01  3.45656172e+08 
 8.05000000e-01  3.50460309e+08 
 8.06000000e-01  3.55328360e+08 
 8.07000000e-01  3.60260982e+08 
 8.08000000e-01  3.65258831e+08 
 8.09000000e-01  3.70322562e+08 
 8.10000000e-01  3.75452828e+08 
 8.11000000e-01  3.80650281e+08 
 8.12000000e-01  3.85915573e+08 
 8.13000000e-01  3.91249351e+08 
 8.14000000e-01  3.96652261e+08 
 8.15000000e-01  4.02124947e+08 
 8.16000000e-01  4.07668050e+08 
 8.17000000e-01  4.13282205e+08 
 8.18000000e-01  4.18968048e+08 
 8.19000000e-01  4.24726207e+08 
 8.20000000e-01  4.30557309e+08 
 8.21000000e-01  4.36461974e+08 
 8.22000000e-01  4.42440820e+08 
 8.23000000e-01  4.48494456e+08 
 8.24000000e-01  4.54623490e+08 
 8.25000000e-01  4.60828520e+08 
 8.26000000e-01  4.67110141e+08 
 8.27000000e-01  4.73468940e+08 
 8.28000000e-01  4.79905498e+08 
 8.29000000e-01  4.86420387e+08 
 8.30000000e-01  4.93014175e+08 
 8.31000000e-01  4.99687418e+08 
 8.32000000e-01  5.06440667e+08 
 8.33000000e-01  5.13274464e+08 
 8.34000000e-01  5.20189340e+08 
 8.35000000e-01  5.27185819e+08 
 8.36000000e-01  5.34264414e+08 
 8.37000000e-01  5.41425630e+08 
 8.38000000e-01  5.48669960e+08 
 8.39000000e-01  5.55997886e+08 
 8.40000000e-01  5.63409882e+08 
 8.41000000e-01  5.70906406e+08 
 8.42000000e-01  5.78487909e+08 
 8.43000000e-01  5.86154827e+08 
 8.44000000e-01  5.93907585e+08 
 8.45000000e-01  6.01746595e+08 
 8.46000000e-01  6.09672257e+08 
 8.47000000e-01  6.17684955e+08 
 8.48000000e-01  6.25785062e+08 
 8.49000000e-01  6.33972937e+08 
 8.50000000e-01  6.42248924e+08 
 8.51000000e-01  6.50613351e+08 
 8.52000000e-01  6.59066534e+08 
 8.53000000e-01  6.67608772e+08 
 8.54000000e-01  6.76240349e+08 
 8.55000000e-01  6.84961534e+08 
 8.56000000e-01  6.93772579e+08 
 8.57000000e-01  7.02673720e+08 
 8.58000000e-01  7.11665177e+08 
 8.59000000e-01  7.20747153e+08 
 8.60000000e-01  7.29919833e+08 
 8.61000000e-01  7.39183388e+08 
 8.62000000e-01  7.48537967e+08 
 8.63000000e-01  7.57983704e+08 
 8.64000000e-01  7.67520717e+08 
 8.65000000e-01  7.77149101e+08 
 8.66000000e-01  7.86868937e+08 
 8.67000000e-01  7.96680286e+08 
 8.68000000e-01  8.06583191e+08 
 8.69000000e-01  8.16577676e+08 
 8.70000000e-01  8.26663746e+08 
 8.71000000e-01  8.36841386e+08 
 8.72000000e-01  8.47110564e+08 
 8.73000000e-01  8.57471229e+08 
 8.74000000e-01  8.67923308e+08 
 8.75000000e-01  8.78466710e+08 
 8.76000000e-01  8.89101327e+08 
 8.77000000e-01  8.99827028e+08 
 8.78000000e-01  9.10643663e+08 
 8.79000000e-01  9.21551066e+08 
 8.80000000e-01  9.32549047e+08 
 8.81000000e-01  9.43637398e+08 
 8.82000000e-01  9.54815894e+08 
 8.83000000e-01  9.66084286e+08 
 8.84000000e-01  9.77442308e+08 
 8.85000000e-01  9.88889676e+08 
 8.86000000e-01  1.00042608e+09 
 8.87000000e-01  1.01205121e+09 
 8.88000000e-01  1.02376471e+09 
 8.89000000e-01  1.03556621e+09 
 8.90000000e-01  1.04745535e+09 
 8.91000000e-01  1.05943172e+09 
 8.92000000e-01  1.07149489e+09 
 8.93000000e-01  1.08364444e+09 
 8.94000000e-01  1.09587991e+09 
 8.95000000e-01  1.10820082e+09 
 8.96000000e-01  1.12060668e+09 
 8.97000000e-01  1.13309698e+09 
 8.98000000e-01  1.14567120e+09 
 8.99000000e-01  1.15832878e+09 
 9.00000000e-01  1.17106918e+09 
 9.01000000e-01  1.18389180e+09 
 9.02000000e-01  1.19679607e+09 
 9.03000000e-01  1.20978135e+09 
 9.04000000e-01  1.22284703e+09 
 9.05000000e-01  1.23599247e+09 
 9.06000000e-01  1.24921699e+09 
 9.07000000e-01  1.26251994e+09 
 9.08000000e-01  1.27590063e+09 
 9.09000000e-01  1.28935834e+09 
 9.10000000e-01  1.30289237e+09 
 9.11000000e-01  1.31650197e+09 
 9.12000000e-01  1.33018642e+09 
 9.13000000e-01  1.34394494e+09 
 9.14000000e-01  1.35777678e+09 
 9.15000000e-01  1.37168114e+09 
 9.16000000e-01  1.38565724e+09 
 9.17000000e-01  1.39970426e+09 
 9.18000000e-01  1.41382139e+09 
 9.19000000e-01  1.42800780e+09 
 9.20000000e-01  1.44226266e+09 
 9.21000000e-01  1.45658511e+09 
 9.22000000e-01  1.47097429e+09 
 9.23000000e-01  1.48542935e+09 
 9.24000000e-01  1.49994939e+09 
 9.25000000e-01  1.51453354e+09 
 9.26000000e-01  1.52918091e+09 
 9.27000000e-01  1.54389059e+09 
 9.28000000e-01  1.55866168e+09 
 9.29000000e-01  1.57349326e+09 
 9.30000000e-01  1.58838442e+09 
 9.31000000e-01  1.60333422e+09 
 9.32000000e-01  1.61834173e+09 
 9.33000000e-01  1.63340602e+09 
 9.34000000e-01  1.64852615e+09 
 9.35000000e-01  1.66370117e+09 
 9.36000000e-01  1.67893013e+09 
 9.37000000e-01  1.69421207e+09 
 9.38000000e-01  1.70954605e+09 
 9.39000000e-01  1.72493110e+09 
 9.40000000e-01  1.74036626e+09 
 9.41000000e-01  1.75585057e+09 
 9.42000000e-01  1.77138306e+09 
 9.43000000e-01  1.78696277e+09 
 9.44000000e-01  1.80258874e+09 
 9.45000000e-01  1.81825999e+09 
 9.46000000e-01  1.83397557e+09 
 9.47000000e-01  1.84973450e+09 
 9.48000000e-01  1.86553582e+09 
 9.49000000e-01  1.88137857e+09 
 9.50000000e-01  1.89726179e+09 
 9.51000000e-01  1.91318451e+09 
 9.52000000e-01  1.92914578e+09 
 9.53000000e-01  1.94514465e+09 
 9.54000000e-01  1.96118015e+09 
 9.55000000e-01  1.97725135e+09 
 9.56000000e-01  1.99335730e+09 
 9.57000000e-01  2.00949704e+09 
 9.58000000e-01  2.02566966e+09 
 9.59000000e-01  2.04187421e+09 
 9.60000000e-01  2.05810977e+09 
 9.61000000e-01  2.07437541e+09 
 9.62000000e-01  2.09067022e+09 
 9.63000000e-01  2.10699328e+09 
 9.64000000e-01  2.12334368e+09 
 9.65000000e-01  2.13972054e+09 
 9.66000000e-01  2.15612294e+09 
 9.67000000e-01  2.17255001e+09 
 9.68000000e-01  2.18900086e+09 
 9.69000000e-01  2.20547462e+09 
 9.70000000e-01  2.22197042e+09 
 9.71000000e-01  2.23848741e+09 
 9.72000000e-01  2.25502472e+09 
 9.73000000e-01  2.27158153e+09 
 9.74000000e-01  2.28815698e+09 
 9.75000000e-01  2.30475026e+09 
 9.76000000e-01  2.32136054e+09 
 9.77000000e-01  2.33798701e+09 
 9.78000000e-01  2.35462888e+09 
 9.79000000e-01  2.37128534e+09 
 9.80000000e-01  2.38795560e+09 
 9.81000000e-01  2.40463891e+09 
 9.82000000e-01  2.42133448e+09 
 9.83000000e-01  2.43804156e+09 
 9.84000000e-01  2.45475940e+09 
 9.85000000e-01  2.47148726e+09 
 9.86000000e-01  2.48822441e+09 
 9.87000000e-01  2.50497013e+09 
 9.88000000e-01  2.52172371e+09 
 9.89000000e-01  2.53848446e+09 
 9.90000000e-01  2.55525167e+09 
 9.91000000e-01  2.57202467e+09 
 9.92000000e-01  2.58880278e+09 
 9.93000000e-01  2.60558535e+09 
 9.94000000e-01  2.62237172e+09 
 9.95000000e-01  2.63916125e+09 
 9.96000000e-01  2.65595332e+09 
 9.97000000e-01  2.67274728e+09 
 9.98000000e-01  2.68954255e+09 
 9.99000000e-01  2.70633851e+09 
 1.00000000e+00  2.72313457e+09 
