 0.00000000e+00  2.96323723e+01 
 1.00000000e-03  2.96322748e+01 
 2.00000000e-03  2.96321759e+01 
 3.00000000e-03  2.96320755e+01 
 4.00000000e-03  2.96319736e+01 
 5.00000000e-03  2.96318702e+01 
 6.00000000e-03  2.96317653e+01 
 7.00000000e-03  2.96316587e+01 
 8.00000000e-03  2.96315506e+01 
 9.00000000e-03  2.96314409e+01 
 1.00000000e-02  2.96313295e+01 
 1.10000000e-02  2.96312165e+01 
 1.20000000e-02  2.96311018e+01 
 1.30000000e-02  2.96309854e+01 
 1.40000000e-02  2.96308672e+01 
 1.50000000e-02  2.96307473e+01 
 1.60000000e-02  2.96306256e+01 
 1.70000000e-02  2.96305021e+01 
 1.80000000e-02  2.96303767e+01 
 1.90000000e-02  2.96302495e+01 
 2.00000000e-02  2.96301204e+01 
 2.10000000e-02  2.96299893e+01 
 2.20000000e-02  2.96298563e+01 
 2.30000000e-02  2.96297213e+01 
 2.40000000e-02  2.96295843e+01 
 2.50000000e-02  2.96294453e+01 
 2.60000000e-02  2.96293042e+01 
 2.70000000e-02  2.96291609e+01 
 2.80000000e-02  2.96290156e+01 
 2.90000000e-02  2.96288680e+01 
 3.00000000e-02  2.96287183e+01 
 3.10000000e-02  2.96285664e+01 
 3.20000000e-02  2.96284121e+01 
 3.30000000e-02  2.96282556e+01 
 3.40000000e-02  2.96280967e+01 
 3.50000000e-02  2.96279355e+01 
 3.60000000e-02  2.96277719e+01 
 3.70000000e-02  2.96276058e+01 
 3.80000000e-02  2.96274373e+01 
 3.90000000e-02  2.96272662e+01 
 4.00000000e-02  2.96270926e+01 
 4.10000000e-02  2.96269164e+01 
 4.20000000e-02  2.96267376e+01 
 4.30000000e-02  2.96265561e+01 
 4.40000000e-02  2.96263719e+01 
 4.50000000e-02  2.96261850e+01 
 4.60000000e-02  2.96259953e+01 
 4.70000000e-02  2.96258027e+01 
 4.80000000e-02  2.96256073e+01 
 4.90000000e-02  2.96254090e+01 
 5.00000000e-02  2.96252077e+01 
 5.10000000e-02  2.96250034e+01 
 5.20000000e-02  2.96247961e+01 
 5.30000000e-02  2.96245857e+01 
 5.40000000e-02  2.96243721e+01 
 5.50000000e-02  2.96241554e+01 
 5.60000000e-02  2.96239354e+01 
 5.70000000e-02  2.96237122e+01 
 5.80000000e-02  2.96234856e+01 
 5.90000000e-02  2.96232556e+01 
 6.00000000e-02  2.96230223e+01 
 6.10000000e-02  2.96227854e+01 
 6.20000000e-02  2.96225450e+01 
 6.30000000e-02  2.96223011e+01 
 6.40000000e-02  2.96220535e+01 
 6.50000000e-02  2.96218022e+01 
 6.60000000e-02  2.96215472e+01 
 6.70000000e-02  2.96212884e+01 
 6.80000000e-02  2.96210257e+01 
 6.90000000e-02  2.96207591e+01 
 7.00000000e-02  2.96204886e+01 
 7.10000000e-02  2.96202140e+01 
 7.20000000e-02  2.96199353e+01 
 7.30000000e-02  2.96196525e+01 
 7.40000000e-02  2.96193654e+01 
 7.50000000e-02  2.96190741e+01 
 7.60000000e-02  2.96187785e+01 
 7.70000000e-02  2.96184784e+01 
 7.80000000e-02  2.96181739e+01 
 7.90000000e-02  2.96178649e+01 
 8.00000000e-02  2.96175512e+01 
 8.10000000e-02  2.96172329e+01 
 8.20000000e-02  2.96169098e+01 
 8.30000000e-02  2.96165820e+01 
 8.40000000e-02  2.96162492e+01 
 8.50000000e-02  2.96159115e+01 
 8.60000000e-02  2.96155688e+01 
 8.70000000e-02  2.96152210e+01 
 8.80000000e-02  2.96148680e+01 
 8.90000000e-02  2.96145097e+01 
 9.00000000e-02  2.96141461e+01 
 9.10000000e-02  2.96137771e+01 
 9.20000000e-02  2.96134027e+01 
 9.30000000e-02  2.96130226e+01 
 9.40000000e-02  2.96126369e+01 
 9.50000000e-02  2.96122454e+01 
 9.60000000e-02  2.96118482e+01 
 9.70000000e-02  2.96114450e+01 
 9.80000000e-02  2.96110358e+01 
 9.90000000e-02  2.96106205e+01 
 1.00000000e-01  2.96101991e+01 
 1.01000000e-01  2.96097714e+01 
 1.02000000e-01  2.96093373e+01 
 1.03000000e-01  2.96088968e+01 
 1.04000000e-01  2.96084497e+01 
 1.05000000e-01  2.96079960e+01 
 1.06000000e-01  2.96075356e+01 
 1.07000000e-01  2.96070682e+01 
 1.08000000e-01  2.96065940e+01 
 1.09000000e-01  2.96061127e+01 
 1.10000000e-01  2.96056242e+01 
 1.11000000e-01  2.96051285e+01 
 1.12000000e-01  2.96046254e+01 
 1.13000000e-01  2.96041149e+01 
 1.14000000e-01  2.96035967e+01 
 1.15000000e-01  2.96030709e+01 
 1.16000000e-01  2.96025372e+01 
 1.17000000e-01  2.96019956e+01 
 1.18000000e-01  2.96014460e+01 
 1.19000000e-01  2.96008882e+01 
 1.20000000e-01  2.96003221e+01 
 1.21000000e-01  2.95997476e+01 
 1.22000000e-01  2.95991646e+01 
 1.23000000e-01  2.95985730e+01 
 1.24000000e-01  2.95979725e+01 
 1.25000000e-01  2.95973631e+01 
 1.26000000e-01  2.95967447e+01 
 1.27000000e-01  2.95961171e+01 
 1.28000000e-01  2.95954802e+01 
 1.29000000e-01  2.95948338e+01 
 1.30000000e-01  2.95941779e+01 
 1.31000000e-01  2.95935122e+01 
 1.32000000e-01  2.95928366e+01 
 1.33000000e-01  2.95921510e+01 
 1.34000000e-01  2.95914553e+01 
 1.35000000e-01  2.95907492e+01 
 1.36000000e-01  2.95900326e+01 
 1.37000000e-01  2.95893054e+01 
 1.38000000e-01  2.95885675e+01 
 1.39000000e-01  2.95878186e+01 
 1.40000000e-01  2.95870586e+01 
 1.41000000e-01  2.95862873e+01 
 1.42000000e-01  2.95855046e+01 
 1.43000000e-01  2.95847103e+01 
 1.44000000e-01  2.95839042e+01 
 1.45000000e-01  2.95830862e+01 
 1.46000000e-01  2.95822560e+01 
 1.47000000e-01  2.95814136e+01 
 1.48000000e-01  2.95805587e+01 
 1.49000000e-01  2.95796911e+01 
 1.50000000e-01  2.95788107e+01 
 1.51000000e-01  2.95779172e+01 
 1.52000000e-01  2.95770105e+01 
 1.53000000e-01  2.95760904e+01 
 1.54000000e-01  2.95751566e+01 
 1.55000000e-01  2.95742091e+01 
 1.56000000e-01  2.95732475e+01 
 1.57000000e-01  2.95722717e+01 
 1.58000000e-01  2.95712815e+01 
 1.59000000e-01  2.95702766e+01 
 1.60000000e-01  2.95692568e+01 
 1.61000000e-01  2.95682220e+01 
 1.62000000e-01  2.95671719e+01 
 1.63000000e-01  2.95661062e+01 
 1.64000000e-01  2.95650248e+01 
 1.65000000e-01  2.95639274e+01 
 1.66000000e-01  2.95628138e+01 
 1.67000000e-01  2.95616838e+01 
 1.68000000e-01  2.95605370e+01 
 1.69000000e-01  2.95593733e+01 
 1.70000000e-01  2.95581925e+01 
 1.71000000e-01  2.95569942e+01 
 1.72000000e-01  2.95557782e+01 
 1.73000000e-01  2.95545442e+01 
 1.74000000e-01  2.95532921e+01 
 1.75000000e-01  2.95520214e+01 
 1.76000000e-01  2.95507321e+01 
 1.77000000e-01  2.95494237e+01 
 1.78000000e-01  2.95480960e+01 
 1.79000000e-01  2.95467487e+01 
 1.80000000e-01  2.95453816e+01 
 1.81000000e-01  2.95439943e+01 
 1.82000000e-01  2.95425866e+01 
 1.83000000e-01  2.95411581e+01 
 1.84000000e-01  2.95397086e+01 
 1.85000000e-01  2.95382378e+01 
 1.86000000e-01  2.95367452e+01 
 1.87000000e-01  2.95352308e+01 
 1.88000000e-01  2.95336940e+01 
 1.89000000e-01  2.95321346e+01 
 1.90000000e-01  2.95305523e+01 
 1.91000000e-01  2.95289467e+01 
 1.92000000e-01  2.95273175e+01 
 1.93000000e-01  2.95256643e+01 
 1.94000000e-01  2.95239869e+01 
 1.95000000e-01  2.95222847e+01 
 1.96000000e-01  2.95205576e+01 
 1.97000000e-01  2.95188051e+01 
 1.98000000e-01  2.95170269e+01 
 1.99000000e-01  2.95152226e+01 
 2.00000000e-01  2.95133918e+01 
 2.01000000e-01  2.95115341e+01 
 2.02000000e-01  2.95096491e+01 
 2.03000000e-01  2.95077366e+01 
 2.04000000e-01  2.95057960e+01 
 2.05000000e-01  2.95038269e+01 
 2.06000000e-01  2.95018290e+01 
 2.07000000e-01  2.94998018e+01 
 2.08000000e-01  2.94977449e+01 
 2.09000000e-01  2.94956579e+01 
 2.10000000e-01  2.94935404e+01 
 2.11000000e-01  2.94913918e+01 
 2.12000000e-01  2.94892119e+01 
 2.13000000e-01  2.94870000e+01 
 2.14000000e-01  2.94847559e+01 
 2.15000000e-01  2.94824789e+01 
 2.16000000e-01  2.94801686e+01 
 2.17000000e-01  2.94778246e+01 
 2.18000000e-01  2.94754464e+01 
 2.19000000e-01  2.94730335e+01 
 2.20000000e-01  2.94705854e+01 
 2.21000000e-01  2.94681015e+01 
 2.22000000e-01  2.94655815e+01 
 2.23000000e-01  2.94630247e+01 
 2.24000000e-01  2.94604306e+01 
 2.25000000e-01  2.94577988e+01 
 2.26000000e-01  2.94551286e+01 
 2.27000000e-01  2.94524196e+01 
 2.28000000e-01  2.94496712e+01 
 2.29000000e-01  2.94468828e+01 
 2.30000000e-01  2.94440538e+01 
 2.31000000e-01  2.94411838e+01 
 2.32000000e-01  2.94382720e+01 
 2.33000000e-01  2.94353180e+01 
 2.34000000e-01  2.94323211e+01 
 2.35000000e-01  2.94292807e+01 
 2.36000000e-01  2.94261963e+01 
 2.37000000e-01  2.94230671e+01 
 2.38000000e-01  2.94198926e+01 
 2.39000000e-01  2.94166721e+01 
 2.40000000e-01  2.94134049e+01 
 2.41000000e-01  2.94100905e+01 
 2.42000000e-01  2.94067282e+01 
 2.43000000e-01  2.94033173e+01 
 2.44000000e-01  2.93998570e+01 
 2.45000000e-01  2.93963468e+01 
 2.46000000e-01  2.93927860e+01 
 2.47000000e-01  2.93891737e+01 
 2.48000000e-01  2.93855094e+01 
 2.49000000e-01  2.93817923e+01 
 2.50000000e-01  2.93780216e+01 
 2.51000000e-01  2.93741966e+01 
 2.52000000e-01  2.93703166e+01 
 2.53000000e-01  2.93663807e+01 
 2.54000000e-01  2.93623884e+01 
 2.55000000e-01  2.93583386e+01 
 2.56000000e-01  2.93542307e+01 
 2.57000000e-01  2.93500639e+01 
 2.58000000e-01  2.93458373e+01 
 2.59000000e-01  2.93415501e+01 
 2.60000000e-01  2.93372016e+01 
 2.61000000e-01  2.93327907e+01 
 2.62000000e-01  2.93283168e+01 
 2.63000000e-01  2.93237789e+01 
 2.64000000e-01  2.93191762e+01 
 2.65000000e-01  2.93145078e+01 
 2.66000000e-01  2.93097728e+01 
 2.67000000e-01  2.93049702e+01 
 2.68000000e-01  2.93000993e+01 
 2.69000000e-01  2.92951589e+01 
 2.70000000e-01  2.92901483e+01 
 2.71000000e-01  2.92850664e+01 
 2.72000000e-01  2.92799124e+01 
 2.73000000e-01  2.92746851e+01 
 2.74000000e-01  2.92693837e+01 
 2.75000000e-01  2.92640072e+01 
 2.76000000e-01  2.92585545e+01 
 2.77000000e-01  2.92530246e+01 
 2.78000000e-01  2.92474165e+01 
 2.79000000e-01  2.92417291e+01 
 2.80000000e-01  2.92359615e+01 
 2.81000000e-01  2.92301125e+01 
 2.82000000e-01  2.92241810e+01 
 2.83000000e-01  2.92181660e+01 
 2.84000000e-01  2.92120664e+01 
 2.85000000e-01  2.92058810e+01 
 2.86000000e-01  2.91996087e+01 
 2.87000000e-01  2.91932484e+01 
 2.88000000e-01  2.91867989e+01 
 2.89000000e-01  2.91802591e+01 
 2.90000000e-01  2.91736278e+01 
 2.91000000e-01  2.91669037e+01 
 2.92000000e-01  2.91600858e+01 
 2.93000000e-01  2.91531727e+01 
 2.94000000e-01  2.91461632e+01 
 2.95000000e-01  2.91390562e+01 
 2.96000000e-01  2.91318503e+01 
 2.97000000e-01  2.91245442e+01 
 2.98000000e-01  2.91171368e+01 
 2.99000000e-01  2.91096266e+01 
 3.00000000e-01  2.91020124e+01 
 3.01000000e-01  2.90942929e+01 
 3.02000000e-01  2.90864667e+01 
 3.03000000e-01  2.90785325e+01 
 3.04000000e-01  2.90704889e+01 
 3.05000000e-01  2.90623345e+01 
 3.06000000e-01  2.90540680e+01 
 3.07000000e-01  2.90456880e+01 
 3.08000000e-01  2.90371929e+01 
 3.09000000e-01  2.90285815e+01 
 3.10000000e-01  2.90198522e+01 
 3.11000000e-01  2.90110036e+01 
 3.12000000e-01  2.90020342e+01 
 3.13000000e-01  2.89929426e+01 
 3.14000000e-01  2.89837272e+01 
 3.15000000e-01  2.89743865e+01 
 3.16000000e-01  2.89649191e+01 
 3.17000000e-01  2.89553233e+01 
 3.18000000e-01  2.89455977e+01 
 3.19000000e-01  2.89357406e+01 
 3.20000000e-01  2.89257504e+01 
 3.21000000e-01  2.89156257e+01 
 3.22000000e-01  2.89053647e+01 
 3.23000000e-01  2.88949659e+01 
 3.24000000e-01  2.88844276e+01 
 3.25000000e-01  2.88737482e+01 
 3.26000000e-01  2.88629260e+01 
 3.27000000e-01  2.88519594e+01 
 3.28000000e-01  2.88408467e+01 
 3.29000000e-01  2.88295861e+01 
 3.30000000e-01  2.88181760e+01 
 3.31000000e-01  2.88066147e+01 
 3.32000000e-01  2.87949003e+01 
 3.33000000e-01  2.87830313e+01 
 3.34000000e-01  2.87710057e+01 
 3.35000000e-01  2.87588220e+01 
 3.36000000e-01  2.87464781e+01 
 3.37000000e-01  2.87339725e+01 
 3.38000000e-01  2.87213032e+01 
 3.39000000e-01  2.87084685e+01 
 3.40000000e-01  2.86954666e+01 
 3.41000000e-01  2.86822955e+01 
 3.42000000e-01  2.86689535e+01 
 3.43000000e-01  2.86554387e+01 
 3.44000000e-01  2.86417493e+01 
 3.45000000e-01  2.86278833e+01 
 3.46000000e-01  2.86138388e+01 
 3.47000000e-01  2.85996141e+01 
 3.48000000e-01  2.85852071e+01 
 3.49000000e-01  2.85706160e+01 
 3.50000000e-01  2.85558389e+01 
 3.51000000e-01  2.85408738e+01 
 3.52000000e-01  2.85257187e+01 
 3.53000000e-01  2.85103718e+01 
 3.54000000e-01  2.84948311e+01 
 3.55000000e-01  2.84790947e+01 
 3.56000000e-01  2.84631605e+01 
 3.57000000e-01  2.84470266e+01 
 3.58000000e-01  2.84306911e+01 
 3.59000000e-01  2.84141520e+01 
 3.60000000e-01  2.83974072e+01 
 3.61000000e-01  2.83804548e+01 
 3.62000000e-01  2.83632929e+01 
 3.63000000e-01  2.83459194e+01 
 3.64000000e-01  2.83283323e+01 
 3.65000000e-01  2.83105296e+01 
 3.66000000e-01  2.82925094e+01 
 3.67000000e-01  2.82742696e+01 
 3.68000000e-01  2.82558082e+01 
 3.69000000e-01  2.82371233e+01 
 3.70000000e-01  2.82182129e+01 
 3.71000000e-01  2.81990749e+01 
 3.72000000e-01  2.81797074e+01 
 3.73000000e-01  2.81601083e+01 
 3.74000000e-01  2.81402758e+01 
 3.75000000e-01  2.81202078e+01 
 3.76000000e-01  2.80999023e+01 
 3.77000000e-01  2.80793573e+01 
 3.78000000e-01  2.80585710e+01 
 3.79000000e-01  2.80375413e+01 
 3.80000000e-01  2.80162664e+01 
 3.81000000e-01  2.79947442e+01 
 3.82000000e-01  2.79729728e+01 
 3.83000000e-01  2.79509504e+01 
 3.84000000e-01  2.79286749e+01 
 3.85000000e-01  2.79061446e+01 
 3.86000000e-01  2.78833575e+01 
 3.87000000e-01  2.78603118e+01 
 3.88000000e-01  2.78370055e+01 
 3.89000000e-01  2.78134370e+01 
 3.90000000e-01  2.77896043e+01 
 3.91000000e-01  2.77655057e+01 
 3.92000000e-01  2.77411393e+01 
 3.93000000e-01  2.77165034e+01 
 3.94000000e-01  2.76915963e+01 
 3.95000000e-01  2.76664162e+01 
 3.96000000e-01  2.76409615e+01 
 3.97000000e-01  2.76152304e+01 
 3.98000000e-01  2.75892213e+01 
 3.99000000e-01  2.75629327e+01 
 4.00000000e-01  2.75363628e+01 
 4.01000000e-01  2.75095101e+01 
 4.02000000e-01  2.74823731e+01 
 4.03000000e-01  2.74549503e+01 
 4.04000000e-01  2.74272401e+01 
 4.05000000e-01  2.73992412e+01 
 4.06000000e-01  2.73709522e+01 
 4.07000000e-01  2.73423716e+01 
 4.08000000e-01  2.73134981e+01 
 4.09000000e-01  2.72843304e+01 
 4.10000000e-01  2.72548673e+01 
 4.11000000e-01  2.72251076e+01 
 4.12000000e-01  2.71950499e+01 
 4.13000000e-01  2.71646933e+01 
 4.14000000e-01  2.71340366e+01 
 4.15000000e-01  2.71030787e+01 
 4.16000000e-01  2.70718187e+01 
 4.17000000e-01  2.70402556e+01 
 4.18000000e-01  2.70083885e+01 
 4.19000000e-01  2.69762165e+01 
 4.20000000e-01  2.69437388e+01 
 4.21000000e-01  2.69109547e+01 
 4.22000000e-01  2.68778634e+01 
 4.23000000e-01  2.68444644e+01 
 4.24000000e-01  2.68107570e+01 
 4.25000000e-01  2.67767408e+01 
 4.26000000e-01  2.67424151e+01 
 4.27000000e-01  2.67077797e+01 
 4.28000000e-01  2.66728341e+01 
 4.29000000e-01  2.66375781e+01 
 4.30000000e-01  2.66020114e+01 
 4.31000000e-01  2.65661340e+01 
 4.32000000e-01  2.65299456e+01 
 4.33000000e-01  2.64934463e+01 
 4.34000000e-01  2.64566362e+01 
 4.35000000e-01  2.64195153e+01 
 4.36000000e-01  2.63820838e+01 
 4.37000000e-01  2.63443419e+01 
 4.38000000e-01  2.63062901e+01 
 4.39000000e-01  2.62679287e+01 
 4.40000000e-01  2.62292582e+01 
 4.41000000e-01  2.61902792e+01 
 4.42000000e-01  2.61509922e+01 
 4.43000000e-01  2.61113981e+01 
 4.44000000e-01  2.60714975e+01 
 4.45000000e-01  2.60312914e+01 
 4.46000000e-01  2.59907808e+01 
 4.47000000e-01  2.59499666e+01 
 4.48000000e-01  2.59088500e+01 
 4.49000000e-01  2.58674323e+01 
 4.50000000e-01  2.58257146e+01 
 4.51000000e-01  2.57836984e+01 
 4.52000000e-01  2.57413851e+01 
 4.53000000e-01  2.56987763e+01 
 4.54000000e-01  2.56558736e+01 
 4.55000000e-01  2.56126788e+01 
 4.56000000e-01  2.55691937e+01 
 4.57000000e-01  2.55254202e+01 
 4.58000000e-01  2.54813602e+01 
 4.59000000e-01  2.54370159e+01 
 4.60000000e-01  2.53923894e+01 
 4.61000000e-01  2.53474831e+01 
 4.62000000e-01  2.53022992e+01 
 4.63000000e-01  2.52568403e+01 
 4.64000000e-01  2.52111088e+01 
 4.65000000e-01  2.51651074e+01 
 4.66000000e-01  2.51188389e+01 
 4.67000000e-01  2.50723060e+01 
 4.68000000e-01  2.50255117e+01 
 4.69000000e-01  2.49784587e+01 
 4.70000000e-01  2.49311497e+01 
 4.71000000e-01  2.48835885e+01 
 4.72000000e-01  2.48357785e+01 
 4.73000000e-01  2.47877229e+01 
 4.74000000e-01  2.47394254e+01 
 4.75000000e-01  2.46908893e+01 
 4.76000000e-01  2.46421184e+01 
 4.77000000e-01  2.45931164e+01 
 4.78000000e-01  2.45438871e+01 
 4.79000000e-01  2.44944344e+01 
 4.80000000e-01  2.44447622e+01 
 4.81000000e-01  2.43948748e+01 
 4.82000000e-01  2.43447761e+01 
 4.83000000e-01  2.42944705e+01 
 4.84000000e-01  2.42439623e+01 
 4.85000000e-01  2.41932559e+01 
 4.86000000e-01  2.41423557e+01 
 4.87000000e-01  2.40912665e+01 
 4.88000000e-01  2.40399927e+01 
 4.89000000e-01  2.39885391e+01 
 4.90000000e-01  2.39369106e+01 
 4.91000000e-01  2.38851119e+01 
 4.92000000e-01  2.38331480e+01 
 4.93000000e-01  2.37810240e+01 
 4.94000000e-01  2.37287449e+01 
 4.95000000e-01  2.36763159e+01 
 4.96000000e-01  2.36237422e+01 
 4.97000000e-01  2.35710290e+01 
 4.98000000e-01  2.35181817e+01 
 4.99000000e-01  2.34652057e+01 
 5.00000000e-01  2.34121064e+01 
 5.01000000e-01  2.33588894e+01 
 5.02000000e-01  2.33055602e+01 
 5.03000000e-01  2.32521245e+01 
 5.04000000e-01  2.31985879e+01 
 5.05000000e-01  2.31449561e+01 
 5.06000000e-01  2.30912348e+01 
 5.07000000e-01  2.30374300e+01 
 5.08000000e-01  2.29835473e+01 
 5.09000000e-01  2.29295927e+01 
 5.10000000e-01  2.28755722e+01 
 5.11000000e-01  2.28214916e+01 
 5.12000000e-01  2.27673569e+01 
 5.13000000e-01  2.27131741e+01 
 5.14000000e-01  2.26589493e+01 
 5.15000000e-01  2.26046885e+01 
 5.16000000e-01  2.25503977e+01 
 5.17000000e-01  2.24960832e+01 
 5.18000000e-01  2.24417509e+01 
 5.19000000e-01  2.23874070e+01 
 5.20000000e-01  2.23330576e+01 
 5.21000000e-01  2.22787088e+01 
 5.22000000e-01  2.22243668e+01 
 5.23000000e-01  2.21700378e+01 
 5.24000000e-01  2.21157278e+01 
 5.25000000e-01  2.20614430e+01 
 5.26000000e-01  2.20071896e+01 
 5.27000000e-01  2.19529736e+01 
 5.28000000e-01  2.18988012e+01 
 5.29000000e-01  2.18446784e+01 
 5.30000000e-01  2.17906114e+01 
 5.31000000e-01  2.17366061e+01 
 5.32000000e-01  2.16826688e+01 
 5.33000000e-01  2.16288052e+01 
 5.34000000e-01  2.15750216e+01 
 5.35000000e-01  2.15213237e+01 
 5.36000000e-01  2.14677176e+01 
 5.37000000e-01  2.14142091e+01 
 5.38000000e-01  2.13608041e+01 
 5.39000000e-01  2.13075084e+01 
 5.40000000e-01  2.12543278e+01 
 5.41000000e-01  2.12012681e+01 
 5.42000000e-01  2.11483348e+01 
 5.43000000e-01  2.10955338e+01 
 5.44000000e-01  2.10428704e+01 
 5.45000000e-01  2.09903504e+01 
 5.46000000e-01  2.09379792e+01 
 5.47000000e-01  2.08857622e+01 
 5.48000000e-01  2.08337048e+01 
 5.49000000e-01  2.07818123e+01 
 5.50000000e-01  2.07300899e+01 
 5.51000000e-01  2.06785429e+01 
 5.52000000e-01  2.06271764e+01 
 5.53000000e-01  2.05759954e+01 
 5.54000000e-01  2.05250050e+01 
 5.55000000e-01  2.04742099e+01 
 5.56000000e-01  2.04236152e+01 
 5.57000000e-01  2.03732255e+01 
 5.58000000e-01  2.03230456e+01 
 5.59000000e-01  2.02730800e+01 
 5.60000000e-01  2.02233334e+01 
 5.61000000e-01  2.01738101e+01 
 5.62000000e-01  2.01245147e+01 
 5.63000000e-01  2.00754513e+01 
 5.64000000e-01  2.00266243e+01 
 5.65000000e-01  1.99780377e+01 
 5.66000000e-01  1.99296956e+01 
 5.67000000e-01  1.98816020e+01 
 5.68000000e-01  1.98337609e+01 
 5.69000000e-01  1.97861759e+01 
 5.70000000e-01  1.97388508e+01 
 5.71000000e-01  1.96917893e+01 
 5.72000000e-01  1.96449949e+01 
 5.73000000e-01  1.95984710e+01 
 5.74000000e-01  1.95522211e+01 
 5.75000000e-01  1.95062483e+01 
 5.76000000e-01  1.94605560e+01 
 5.77000000e-01  1.94151471e+01 
 5.78000000e-01  1.93700248e+01 
 5.79000000e-01  1.93251919e+01 
 5.80000000e-01  1.92806513e+01 
 5.81000000e-01  1.92364057e+01 
 5.82000000e-01  1.91924577e+01 
 5.83000000e-01  1.91488101e+01 
 5.84000000e-01  1.91054651e+01 
 5.85000000e-01  1.90624253e+01 
 5.86000000e-01  1.90196929e+01 
 5.87000000e-01  1.89772701e+01 
 5.88000000e-01  1.89351591e+01 
 5.89000000e-01  1.88933618e+01 
 5.90000000e-01  1.88518804e+01 
 5.91000000e-01  1.88107165e+01 
 5.92000000e-01  1.87698721e+01 
 5.93000000e-01  1.87293488e+01 
 5.94000000e-01  1.86891482e+01 
 5.95000000e-01  1.86492718e+01 
 5.96000000e-01  1.86097211e+01 
 5.97000000e-01  1.85704975e+01 
 5.98000000e-01  1.85316022e+01 
 5.99000000e-01  1.84930364e+01 
 6.00000000e-01  1.84548013e+01 
 6.01000000e-01  1.84168979e+01 
 6.02000000e-01  1.83793272e+01 
 6.03000000e-01  1.83420900e+01 
 6.04000000e-01  1.83051872e+01 
 6.05000000e-01  1.82686195e+01 
 6.06000000e-01  1.82323876e+01 
 6.07000000e-01  1.81964920e+01 
 6.08000000e-01  1.81609333e+01 
 6.09000000e-01  1.81257119e+01 
 6.10000000e-01  1.80908282e+01 
 6.11000000e-01  1.80562826e+01 
 6.12000000e-01  1.80220752e+01 
 6.13000000e-01  1.79882062e+01 
 6.14000000e-01  1.79546758e+01 
 6.15000000e-01  1.79214839e+01 
 6.16000000e-01  1.78886307e+01 
 6.17000000e-01  1.78561159e+01 
 6.18000000e-01  1.78239395e+01 
 6.19000000e-01  1.77921012e+01 
 6.20000000e-01  1.77606009e+01 
 6.21000000e-01  1.77294381e+01 
 6.22000000e-01  1.76986125e+01 
 6.23000000e-01  1.76681237e+01 
 6.24000000e-01  1.76379713e+01 
 6.25000000e-01  1.76081546e+01 
 6.26000000e-01  1.75786732e+01 
 6.27000000e-01  1.75495263e+01 
 6.28000000e-01  1.75207133e+01 
 6.29000000e-01  1.74922335e+01 
 6.30000000e-01  1.74640861e+01 
 6.31000000e-01  1.74362703e+01 
 6.32000000e-01  1.74087852e+01 
 6.33000000e-01  1.73816299e+01 
 6.34000000e-01  1.73548035e+01 
 6.35000000e-01  1.73283050e+01 
 6.36000000e-01  1.73021333e+01 
 6.37000000e-01  1.72762875e+01 
 6.38000000e-01  1.72507663e+01 
 6.39000000e-01  1.72255686e+01 
 6.40000000e-01  1.72006934e+01 
 6.41000000e-01  1.71761393e+01 
 6.42000000e-01  1.71519051e+01 
 6.43000000e-01  1.71279896e+01 
 6.44000000e-01  1.71043914e+01 
 6.45000000e-01  1.70811093e+01 
 6.46000000e-01  1.70581418e+01 
 6.47000000e-01  1.70354876e+01 
 6.48000000e-01  1.70131452e+01 
 6.49000000e-01  1.69911132e+01 
 6.50000000e-01  1.69693901e+01 
 6.51000000e-01  1.69479744e+01 
 6.52000000e-01  1.69268647e+01 
 6.53000000e-01  1.69060593e+01 
 6.54000000e-01  1.68855566e+01 
 6.55000000e-01  1.68653552e+01 
 6.56000000e-01  1.68454534e+01 
 6.57000000e-01  1.68258495e+01 
 6.58000000e-01  1.68065420e+01 
 6.59000000e-01  1.67875291e+01 
 6.60000000e-01  1.67688092e+01 
 6.61000000e-01  1.67503805e+01 
 6.62000000e-01  1.67322413e+01 
 6.63000000e-01  1.67143900e+01 
 6.64000000e-01  1.66968247e+01 
 6.65000000e-01  1.66795436e+01 
 6.66000000e-01  1.66625451e+01 
 6.67000000e-01  1.66458272e+01 
 6.68000000e-01  1.66293883e+01 
 6.69000000e-01  1.66132264e+01 
 6.70000000e-01  1.65973397e+01 
 6.71000000e-01  1.65817264e+01 
 6.72000000e-01  1.65663845e+01 
 6.73000000e-01  1.65513124e+01 
 6.74000000e-01  1.65365079e+01 
 6.75000000e-01  1.65219693e+01 
 6.76000000e-01  1.65076947e+01 
 6.77000000e-01  1.64936820e+01 
 6.78000000e-01  1.64799295e+01 
 6.79000000e-01  1.64664351e+01 
 6.80000000e-01  1.64531969e+01 
 6.81000000e-01  1.64402129e+01 
 6.82000000e-01  1.64274812e+01 
 6.83000000e-01  1.64149997e+01 
 6.84000000e-01  1.64027666e+01 
 6.85000000e-01  1.63907797e+01 
 6.86000000e-01  1.63790371e+01 
 6.87000000e-01  1.63675368e+01 
 6.88000000e-01  1.63562767e+01 
 6.89000000e-01  1.63452548e+01 
 6.90000000e-01  1.63344690e+01 
 6.91000000e-01  1.63239173e+01 
 6.92000000e-01  1.63135975e+01 
 6.93000000e-01  1.63035077e+01 
 6.94000000e-01  1.62936458e+01 
 6.95000000e-01  1.62840096e+01 
 6.96000000e-01  1.62745969e+01 
 6.97000000e-01  1.62654058e+01 
 6.98000000e-01  1.62564341e+01 
 6.99000000e-01  1.62476795e+01 
 7.00000000e-01  1.62391401e+01 
 7.01000000e-01  1.62308135e+01 
 7.02000000e-01  1.62226976e+01 
 7.03000000e-01  1.62147902e+01 
 7.04000000e-01  1.62070892e+01 
 7.05000000e-01  1.61995922e+01 
 7.06000000e-01  1.61922971e+01 
 7.07000000e-01  1.61852016e+01 
 7.08000000e-01  1.61783035e+01 
 7.09000000e-01  1.61716004e+01 
 7.10000000e-01  1.61650901e+01 
 7.11000000e-01  1.61587703e+01 
 7.12000000e-01  1.61526386e+01 
 7.13000000e-01  1.61466928e+01 
 7.14000000e-01  1.61409304e+01 
 7.15000000e-01  1.61353491e+01 
 7.16000000e-01  1.61299465e+01 
 7.17000000e-01  1.61247201e+01 
 7.18000000e-01  1.61196677e+01 
 7.19000000e-01  1.61147866e+01 
 7.20000000e-01  1.61100744e+01 
 7.21000000e-01  1.61055287e+01 
 7.22000000e-01  1.61011470e+01 
 7.23000000e-01  1.60969266e+01 
 7.24000000e-01  1.60928651e+01 
 7.25000000e-01  1.60889599e+01 
 7.26000000e-01  1.60852083e+01 
 7.27000000e-01  1.60816078e+01 
 7.28000000e-01  1.60781557e+01 
 7.29000000e-01  1.60748494e+01 
 7.30000000e-01  1.60716860e+01 
 7.31000000e-01  1.60686629e+01 
 7.32000000e-01  1.60657774e+01 
 7.33000000e-01  1.60630267e+01 
 7.34000000e-01  1.60604079e+01 
 7.35000000e-01  1.60579183e+01 
 7.36000000e-01  1.60555549e+01 
 7.37000000e-01  1.60533149e+01 
 7.38000000e-01  1.60511953e+01 
 7.39000000e-01  1.60491932e+01 
 7.40000000e-01  1.60473057e+01 
 7.41000000e-01  1.60455295e+01 
 7.42000000e-01  1.60438619e+01 
 7.43000000e-01  1.60422995e+01 
 7.44000000e-01  1.60408394e+01 
 7.45000000e-01  1.60394784e+01 
 7.46000000e-01  1.60382133e+01 
 7.47000000e-01  1.60370409e+01 
 7.48000000e-01  1.60359579e+01 
 7.49000000e-01  1.60349610e+01 
 7.50000000e-01  1.60340469e+01 
 7.51000000e-01  1.60332123e+01 
 7.52000000e-01  1.60324538e+01 
 7.53000000e-01  1.60317678e+01 
 7.54000000e-01  1.60311511e+01 
 7.55000000e-01  1.60305999e+01 
 7.56000000e-01  1.60301109e+01 
 7.57000000e-01  1.60296804e+01 
 7.58000000e-01  1.60293048e+01 
 7.59000000e-01  1.60289804e+01 
 7.60000000e-01  1.60287035e+01 
 7.61000000e-01  1.60284705e+01 
 7.62000000e-01  1.60282775e+01 
 7.63000000e-01  1.60281208e+01 
 7.64000000e-01  1.60279964e+01 
 7.65000000e-01  1.60279005e+01 
 7.66000000e-01  1.60278291e+01 
 7.67000000e-01  1.60277784e+01 
 7.68000000e-01  1.60277443e+01 
 7.69000000e-01  1.60277227e+01 
 7.70000000e-01  1.60277096e+01 
 7.71000000e-01  1.60277009e+01 
 7.72000000e-01  1.60276924e+01 
 7.73000000e-01  1.60276800e+01 
 7.74000000e-01  1.60276594e+01 
 7.75000000e-01  1.60276264e+01 
 7.76000000e-01  1.60275766e+01 
 7.77000000e-01  1.60275059e+01 
 7.78000000e-01  1.60274097e+01 
 7.79000000e-01  1.60272837e+01 
 7.80000000e-01  1.60271235e+01 
 7.81000000e-01  1.60269247e+01 
 7.82000000e-01  1.60266827e+01 
 7.83000000e-01  1.60263931e+01 
 7.84000000e-01  1.60260512e+01 
 7.85000000e-01  1.60256526e+01 
 7.86000000e-01  1.60251927e+01 
 7.87000000e-01  1.60246668e+01 
 7.88000000e-01  1.60240702e+01 
 7.89000000e-01  1.60233984e+01 
 7.90000000e-01  1.60226466e+01 
 7.91000000e-01  1.60218101e+01 
 7.92000000e-01  1.60208842e+01 
 7.93000000e-01  1.60198641e+01 
 7.94000000e-01  1.60187451e+01 
 7.95000000e-01  1.60175225e+01 
 7.96000000e-01  1.60161913e+01 
 7.97000000e-01  1.60147469e+01 
 7.98000000e-01  1.60131844e+01 
 7.99000000e-01  1.60114990e+01 
 8.00000000e-01  1.60096859e+01 
 8.01000000e-01  1.60077402e+01 
 8.02000000e-01  1.60056571e+01 
 8.03000000e-01  1.60034319e+01 
 8.04000000e-01  1.60010596e+01 
 8.05000000e-01  1.59985354e+01 
 8.06000000e-01  1.59958545e+01 
 8.07000000e-01  1.59930121e+01 
 8.08000000e-01  1.59900035e+01 
 8.09000000e-01  1.59868238e+01 
 8.10000000e-01  1.59834681e+01 
 8.11000000e-01  1.59799319e+01 
 8.12000000e-01  1.59762103e+01 
 8.13000000e-01  1.59722987e+01 
 8.14000000e-01  1.59681922e+01 
 8.15000000e-01  1.59638863e+01 
 8.16000000e-01  1.59593764e+01 
 8.17000000e-01  1.59546577e+01 
 8.18000000e-01  1.59497257e+01 
 8.19000000e-01  1.59445760e+01 
 8.20000000e-01  1.59392039e+01 
 8.21000000e-01  1.59336050e+01 
 8.22000000e-01  1.59277749e+01 
 8.23000000e-01  1.59217092e+01 
 8.24000000e-01  1.59154036e+01 
 8.25000000e-01  1.59088538e+01 
 8.26000000e-01  1.59020556e+01 
 8.27000000e-01  1.58950048e+01 
 8.28000000e-01  1.58876973e+01 
 8.29000000e-01  1.58801290e+01 
 8.30000000e-01  1.58722960e+01 
 8.31000000e-01  1.58641943e+01 
 8.32000000e-01  1.58558201e+01 
 8.33000000e-01  1.58471696e+01 
 8.34000000e-01  1.58382391e+01 
 8.35000000e-01  1.58290249e+01 
 8.36000000e-01  1.58195235e+01 
 8.37000000e-01  1.58097314e+01 
 8.38000000e-01  1.57996451e+01 
 8.39000000e-01  1.57892615e+01 
 8.40000000e-01  1.57785772e+01 
 8.41000000e-01  1.57675891e+01 
 8.42000000e-01  1.57562942e+01 
 8.43000000e-01  1.57446895e+01 
 8.44000000e-01  1.57327721e+01 
 8.45000000e-01  1.57205393e+01 
 8.46000000e-01  1.57079884e+01 
 8.47000000e-01  1.56951169e+01 
 8.48000000e-01  1.56819222e+01 
 8.49000000e-01  1.56684020e+01 
 8.50000000e-01  1.56545541e+01 
 8.51000000e-01  1.56403763e+01 
 8.52000000e-01  1.56258665e+01 
 8.53000000e-01  1.56110229e+01 
 8.54000000e-01  1.55958436e+01 
 8.55000000e-01  1.55803269e+01 
 8.56000000e-01  1.55644712e+01 
 8.57000000e-01  1.55482751e+01 
 8.58000000e-01  1.55317371e+01 
 8.59000000e-01  1.55148561e+01 
 8.60000000e-01  1.54976308e+01 
 8.61000000e-01  1.54800604e+01 
 8.62000000e-01  1.54621439e+01 
 8.63000000e-01  1.54438805e+01 
 8.64000000e-01  1.54252696e+01 
 8.65000000e-01  1.54063107e+01 
 8.66000000e-01  1.53870033e+01 
 8.67000000e-01  1.53673472e+01 
 8.68000000e-01  1.53473423e+01 
 8.69000000e-01  1.53269884e+01 
 8.70000000e-01  1.53062857e+01 
 8.71000000e-01  1.52852343e+01 
 8.72000000e-01  1.52638346e+01 
 8.73000000e-01  1.52420871e+01 
 8.74000000e-01  1.52199922e+01 
 8.75000000e-01  1.51975508e+01 
 8.76000000e-01  1.51747635e+01 
 8.77000000e-01  1.51516314e+01 
 8.78000000e-01  1.51281554e+01 
 8.79000000e-01  1.51043368e+01 
 8.80000000e-01  1.50801768e+01 
 8.81000000e-01  1.50556768e+01 
 8.82000000e-01  1.50308383e+01 
 8.83000000e-01  1.50056630e+01 
 8.84000000e-01  1.49801525e+01 
 8.85000000e-01  1.49543088e+01 
 8.86000000e-01  1.49281338e+01 
 8.87000000e-01  1.49016296e+01 
 8.88000000e-01  1.48747983e+01 
 8.89000000e-01  1.48476422e+01 
 8.90000000e-01  1.48201637e+01 
 8.91000000e-01  1.47923652e+01 
 8.92000000e-01  1.47642495e+01 
 8.93000000e-01  1.47358191e+01 
 8.94000000e-01  1.47070768e+01 
 8.95000000e-01  1.46780255e+01 
 8.96000000e-01  1.46486682e+01 
 8.97000000e-01  1.46190079e+01 
 8.98000000e-01  1.45890477e+01 
 8.99000000e-01  1.45587910e+01 
 9.00000000e-01  1.45282410e+01 
 9.01000000e-01  1.44974010e+01 
 9.02000000e-01  1.44662747e+01 
 9.03000000e-01  1.44348655e+01 
 9.04000000e-01  1.44031770e+01 
 9.05000000e-01  1.43712130e+01 
 9.06000000e-01  1.43389772e+01 
 9.07000000e-01  1.43064734e+01 
 9.08000000e-01  1.42737056e+01 
 9.09000000e-01  1.42406777e+01 
 9.10000000e-01  1.42073938e+01 
 9.11000000e-01  1.41738578e+01 
 9.12000000e-01  1.41400740e+01 
 9.13000000e-01  1.41060466e+01 
 9.14000000e-01  1.40717797e+01 
 9.15000000e-01  1.40372776e+01 
 9.16000000e-01  1.40025447e+01 
 9.17000000e-01  1.39675854e+01 
 9.18000000e-01  1.39324040e+01 
 9.19000000e-01  1.38970049e+01 
 9.20000000e-01  1.38613928e+01 
 9.21000000e-01  1.38255720e+01 
 9.22000000e-01  1.37895472e+01 
 9.23000000e-01  1.37533228e+01 
 9.24000000e-01  1.37169035e+01 
 9.25000000e-01  1.36802939e+01 
 9.26000000e-01  1.36434987e+01 
 9.27000000e-01  1.36065224e+01 
 9.28000000e-01  1.35693697e+01 
 9.29000000e-01  1.35320453e+01 
 9.30000000e-01  1.34945540e+01 
 9.31000000e-01  1.34569003e+01 
 9.32000000e-01  1.34190890e+01 
 9.33000000e-01  1.33811248e+01 
 9.34000000e-01  1.33430123e+01 
 9.35000000e-01  1.33047564e+01 
 9.36000000e-01  1.32663617e+01 
 9.37000000e-01  1.32278328e+01 
 9.38000000e-01  1.31891745e+01 
 9.39000000e-01  1.31503915e+01 
 9.40000000e-01  1.31114884e+01 
 9.41000000e-01  1.30724698e+01 
 9.42000000e-01  1.30333404e+01 
 9.43000000e-01  1.29941048e+01 
 9.44000000e-01  1.29547677e+01 
 9.45000000e-01  1.29153335e+01 
 9.46000000e-01  1.28758069e+01 
 9.47000000e-01  1.28361923e+01 
 9.48000000e-01  1.27964944e+01 
 9.49000000e-01  1.27567175e+01 
 9.50000000e-01  1.27168661e+01 
 9.51000000e-01  1.26769447e+01 
 9.52000000e-01  1.26369575e+01 
 9.53000000e-01  1.25969091e+01 
 9.54000000e-01  1.25568036e+01 
 9.55000000e-01  1.25166455e+01 
 9.56000000e-01  1.24764389e+01 
 9.57000000e-01  1.24361880e+01 
 9.58000000e-01  1.23958970e+01 
 9.59000000e-01  1.23555701e+01 
 9.60000000e-01  1.23152114e+01 
 9.61000000e-01  1.22748248e+01 
 9.62000000e-01  1.22344144e+01 
 9.63000000e-01  1.21939842e+01 
 9.64000000e-01  1.21535381e+01 
 9.65000000e-01  1.21130799e+01 
 9.66000000e-01  1.20726135e+01 
 9.67000000e-01  1.20321427e+01 
 9.68000000e-01  1.19916711e+01 
 9.69000000e-01  1.19512025e+01 
 9.70000000e-01  1.19107405e+01 
 9.71000000e-01  1.18702886e+01 
 9.72000000e-01  1.18298505e+01 
 9.73000000e-01  1.17894295e+01 
 9.74000000e-01  1.17490292e+01 
 9.75000000e-01  1.17086529e+01 
 9.76000000e-01  1.16683040e+01 
 9.77000000e-01  1.16279856e+01 
 9.78000000e-01  1.15877011e+01 
 9.79000000e-01  1.15474536e+01 
 9.80000000e-01  1.15072462e+01 
 9.81000000e-01  1.14670821e+01 
 9.82000000e-01  1.14269641e+01 
 9.83000000e-01  1.13868953e+01 
 9.84000000e-01  1.13468786e+01 
 9.85000000e-01  1.13069168e+01 
 9.86000000e-01  1.12670128e+01 
 9.87000000e-01  1.12271693e+01 
 9.88000000e-01  1.11873890e+01 
 9.89000000e-01  1.11476745e+01 
 9.90000000e-01  1.11080284e+01 
 9.91000000e-01  1.10684532e+01 
 9.92000000e-01  1.10289516e+01 
 9.93000000e-01  1.09895258e+01 
 9.94000000e-01  1.09501782e+01 
 9.95000000e-01  1.09109113e+01 
 9.96000000e-01  1.08717272e+01 
 9.97000000e-01  1.08326283e+01 
 9.98000000e-01  1.07936166e+01 
 9.99000000e-01  1.07546943e+01 
 1.00000000e+00  1.07158634e+01 
