 0.00000000e+00  4.31835429e-16 
 1.00000000e-03  4.44823195e-16 
 2.00000000e-03  4.58201532e-16 
 3.00000000e-03  4.71982184e-16 
 4.00000000e-03  4.86177248e-16 
 5.00000000e-03  5.00799182e-16 
 6.00000000e-03  5.15860822e-16 
 7.00000000e-03  5.31375388e-16 
 8.00000000e-03  5.47356497e-16 
 9.00000000e-03  5.63818176e-16 
 1.00000000e-02  5.80774875e-16 
 1.10000000e-02  5.98241474e-16 
 1.20000000e-02  6.16233306e-16 
 1.30000000e-02  6.34766160e-16 
 1.40000000e-02  6.53856302e-16 
 1.50000000e-02  6.73520486e-16 
 1.60000000e-02  6.93775971e-16 
 1.70000000e-02  7.14640532e-16 
 1.80000000e-02  7.36132480e-16 
 1.90000000e-02  7.58270678e-16 
 2.00000000e-02  7.81074551e-16 
 2.10000000e-02  8.04564113e-16 
 2.20000000e-02  8.28759976e-16 
 2.30000000e-02  8.53683374e-16 
 2.40000000e-02  8.79356176e-16 
 2.50000000e-02  9.05800910e-16 
 2.60000000e-02  9.33040783e-16 
 2.70000000e-02  9.61099694e-16 
 2.80000000e-02  9.90002266e-16 
 2.90000000e-02  1.01977386e-15 
 3.00000000e-02  1.05044059e-15 
 3.10000000e-02  1.08202938e-15 
 3.20000000e-02  1.11456793e-15 
 3.30000000e-02  1.14808479e-15 
 3.40000000e-02  1.18260937e-15 
 3.50000000e-02  1.21817197e-15 
 3.60000000e-02  1.25480377e-15 
 3.70000000e-02  1.29253692e-15 
 3.80000000e-02  1.33140452e-15 
 3.90000000e-02  1.37144066e-15 
 4.00000000e-02  1.41268047e-15 
 4.10000000e-02  1.45516013e-15 
 4.20000000e-02  1.49891689e-15 
 4.30000000e-02  1.54398915e-15 
 4.40000000e-02  1.59041643e-15 
 4.50000000e-02  1.63823946e-15 
 4.60000000e-02  1.68750019e-15 
 4.70000000e-02  1.73824182e-15 
 4.80000000e-02  1.79050886e-15 
 4.90000000e-02  1.84434715e-15 
 5.00000000e-02  1.89980391e-15 
 5.10000000e-02  1.95692778e-15 
 5.20000000e-02  2.01576884e-15 
 5.30000000e-02  2.07637872e-15 
 5.40000000e-02  2.13881054e-15 
 5.50000000e-02  2.20311908e-15 
 5.60000000e-02  2.26936070e-15 
 5.70000000e-02  2.33759351e-15 
 5.80000000e-02  2.40787734e-15 
 5.90000000e-02  2.48027380e-15 
 6.00000000e-02  2.55484638e-15 
 6.10000000e-02  2.63166046e-15 
 6.20000000e-02  2.71078339e-15 
 6.30000000e-02  2.79228453e-15 
 6.40000000e-02  2.87623535e-15 
 6.50000000e-02  2.96270942e-15 
 6.60000000e-02  3.05178257e-15 
 6.70000000e-02  3.14353288e-15 
 6.80000000e-02  3.23804077e-15 
 6.90000000e-02  3.33538908e-15 
 7.00000000e-02  3.43566315e-15 
 7.10000000e-02  3.53895085e-15 
 7.20000000e-02  3.64534273e-15 
 7.30000000e-02  3.75493203e-15 
 7.40000000e-02  3.86781479e-15 
 7.50000000e-02  3.98408993e-15 
 7.60000000e-02  4.10385937e-15 
 7.70000000e-02  4.22722804e-15 
 7.80000000e-02  4.35430406e-15 
 7.90000000e-02  4.48519878e-15 
 8.00000000e-02  4.62002688e-15 
 8.10000000e-02  4.75890650e-15 
 8.20000000e-02  4.90195933e-15 
 8.30000000e-02  5.04931068e-15 
 8.40000000e-02  5.20108964e-15 
 8.50000000e-02  5.35742919e-15 
 8.60000000e-02  5.51846627e-15 
 8.70000000e-02  5.68434194e-15 
 8.80000000e-02  5.85520150e-15 
 8.90000000e-02  6.03119460e-15 
 9.00000000e-02  6.21247539e-15 
 9.10000000e-02  6.39920262e-15 
 9.20000000e-02  6.59153982e-15 
 9.30000000e-02  6.78965544e-15 
 9.40000000e-02  6.99372295e-15 
 9.50000000e-02  7.20392104e-15 
 9.60000000e-02  7.42043376e-15 
 9.70000000e-02  7.64345068e-15 
 9.80000000e-02  7.87316705e-15 
 9.90000000e-02  8.10978397e-15 
 1.00000000e-01  8.35350859e-15 
 1.01000000e-01  8.60455425e-15 
 1.02000000e-01  8.86314069e-15 
 1.03000000e-01  9.12949426e-15 
 1.04000000e-01  9.40384806e-15 
 1.05000000e-01  9.68644220e-15 
 1.06000000e-01  9.97752400e-15 
 1.07000000e-01  1.02773482e-14 
 1.08000000e-01  1.05861770e-14 
 1.09000000e-01  1.09042809e-14 
 1.10000000e-01  1.12319379e-14 
 1.11000000e-01  1.15694349e-14 
 1.12000000e-01  1.19170670e-14 
 1.13000000e-01  1.22751384e-14 
 1.14000000e-01  1.26439622e-14 
 1.15000000e-01  1.30238610e-14 
 1.16000000e-01  1.34151671e-14 
 1.17000000e-01  1.38182227e-14 
 1.18000000e-01  1.42333803e-14 
 1.19000000e-01  1.46610028e-14 
 1.20000000e-01  1.51014642e-14 
 1.21000000e-01  1.55551495e-14 
 1.22000000e-01  1.60224553e-14 
 1.23000000e-01  1.65037902e-14 
 1.24000000e-01  1.69995749e-14 
 1.25000000e-01  1.75102427e-14 
 1.26000000e-01  1.80362399e-14 
 1.27000000e-01  1.85780262e-14 
 1.28000000e-01  1.91360749e-14 
 1.29000000e-01  1.97108738e-14 
 1.30000000e-01  2.03029249e-14 
 1.31000000e-01  2.09127455e-14 
 1.32000000e-01  2.15408682e-14 
 1.33000000e-01  2.21878418e-14 
 1.34000000e-01  2.28542313e-14 
 1.35000000e-01  2.35406186e-14 
 1.36000000e-01  2.42476031e-14 
 1.37000000e-01  2.49758021e-14 
 1.38000000e-01  2.57258515e-14 
 1.39000000e-01  2.64984058e-14 
 1.40000000e-01  2.72941396e-14 
 1.41000000e-01  2.81137474e-14 
 1.42000000e-01  2.89579444e-14 
 1.43000000e-01  2.98274673e-14 
 1.44000000e-01  3.07230750e-14 
 1.45000000e-01  3.16455487e-14 
 1.46000000e-01  3.25956932e-14 
 1.47000000e-01  3.35743373e-14 
 1.48000000e-01  3.45823346e-14 
 1.49000000e-01  3.56205642e-14 
 1.50000000e-01  3.66899314e-14 
 1.51000000e-01  3.77913687e-14 
 1.52000000e-01  3.89258362e-14 
 1.53000000e-01  4.00943229e-14 
 1.54000000e-01  4.12978473e-14 
 1.55000000e-01  4.25374583e-14 
 1.56000000e-01  4.38142361e-14 
 1.57000000e-01  4.51292931e-14 
 1.58000000e-01  4.64837750e-14 
 1.59000000e-01  4.78788618e-14 
 1.60000000e-01  4.93157684e-14 
 1.61000000e-01  5.07957463e-14 
 1.62000000e-01  5.23200841e-14 
 1.63000000e-01  5.38901090e-14 
 1.64000000e-01  5.55071878e-14 
 1.65000000e-01  5.71727279e-14 
 1.66000000e-01  5.88881788e-14 
 1.67000000e-01  6.06550333e-14 
 1.68000000e-01  6.24748286e-14 
 1.69000000e-01  6.43491478e-14 
 1.70000000e-01  6.62796210e-14 
 1.71000000e-01  6.82679272e-14 
 1.72000000e-01  7.03157952e-14 
 1.73000000e-01  7.24250055e-14 
 1.74000000e-01  7.45973914e-14 
 1.75000000e-01  7.68348411e-14 
 1.76000000e-01  7.91392988e-14 
 1.77000000e-01  8.15127668e-14 
 1.78000000e-01  8.39573068e-14 
 1.79000000e-01  8.64750420e-14 
 1.80000000e-01  8.90681590e-14 
 1.81000000e-01  9.17389090e-14 
 1.82000000e-01  9.44896108e-14 
 1.83000000e-01  9.73226516e-14 
 1.84000000e-01  1.00240490e-13 
 1.85000000e-01  1.03245658e-13 
 1.86000000e-01  1.06340761e-13 
 1.87000000e-01  1.09528485e-13 
 1.88000000e-01  1.12811594e-13 
 1.89000000e-01  1.16192934e-13 
 1.90000000e-01  1.19675436e-13 
 1.91000000e-01  1.23262119e-13 
 1.92000000e-01  1.26956089e-13 
 1.93000000e-01  1.30760546e-13 
 1.94000000e-01  1.34678787e-13 
 1.95000000e-01  1.38714203e-13 
 1.96000000e-01  1.42870289e-13 
 1.97000000e-01  1.47150641e-13 
 1.98000000e-01  1.51558964e-13 
 1.99000000e-01  1.56099071e-13 
 2.00000000e-01  1.60774890e-13 
 2.01000000e-01  1.65590464e-13 
 2.02000000e-01  1.70549955e-13 
 2.03000000e-01  1.75657652e-13 
 2.04000000e-01  1.80917968e-13 
 2.05000000e-01  1.86335446e-13 
 2.06000000e-01  1.91914768e-13 
 2.07000000e-01  1.97660749e-13 
 2.08000000e-01  2.03578351e-13 
 2.09000000e-01  2.09672681e-13 
 2.10000000e-01  2.15948997e-13 
 2.11000000e-01  2.22412713e-13 
 2.12000000e-01  2.29069403e-13 
 2.13000000e-01  2.35924806e-13 
 2.14000000e-01  2.42984831e-13 
 2.15000000e-01  2.50255560e-13 
 2.16000000e-01  2.57743257e-13 
 2.17000000e-01  2.65454370e-13 
 2.18000000e-01  2.73395537e-13 
 2.19000000e-01  2.81573593e-13 
 2.20000000e-01  2.89995573e-13 
 2.21000000e-01  2.98668721e-13 
 2.22000000e-01  3.07600495e-13 
 2.23000000e-01  3.16798572e-13 
 2.24000000e-01  3.26270856e-13 
 2.25000000e-01  3.36025484e-13 
 2.26000000e-01  3.46070831e-13 
 2.27000000e-01  3.56415522e-13 
 2.28000000e-01  3.67068432e-13 
 2.29000000e-01  3.78038702e-13 
 2.30000000e-01  3.89335737e-13 
 2.31000000e-01  4.00969221e-13 
 2.32000000e-01  4.12949125e-13 
 2.33000000e-01  4.25285709e-13 
 2.34000000e-01  4.37989537e-13 
 2.35000000e-01  4.51071484e-13 
 2.36000000e-01  4.64542741e-13 
 2.37000000e-01  4.78414832e-13 
 2.38000000e-01  4.92699615e-13 
 2.39000000e-01  5.07409299e-13 
 2.40000000e-01  5.22556450e-13 
 2.41000000e-01  5.38154002e-13 
 2.42000000e-01  5.54215268e-13 
 2.43000000e-01  5.70753952e-13 
 2.44000000e-01  5.87784157e-13 
 2.45000000e-01  6.05320401e-13 
 2.46000000e-01  6.23377626e-13 
 2.47000000e-01  6.41971212e-13 
 2.48000000e-01  6.61116986e-13 
 2.49000000e-01  6.80831239e-13 
 2.50000000e-01  7.01130739e-13 
 2.51000000e-01  7.22032742e-13 
 2.52000000e-01  7.43555008e-13 
 2.53000000e-01  7.65715815e-13 
 2.54000000e-01  7.88533973e-13 
 2.55000000e-01  8.12028842e-13 
 2.56000000e-01  8.36220345e-13 
 2.57000000e-01  8.61128985e-13 
 2.58000000e-01  8.86775861e-13 
 2.59000000e-01  9.13182687e-13 
 2.60000000e-01  9.40371807e-13 
 2.61000000e-01  9.68366216e-13 
 2.62000000e-01  9.97189575e-13 
 2.63000000e-01  1.02686623e-12 
 2.64000000e-01  1.05742124e-12 
 2.65000000e-01  1.08888039e-12 
 2.66000000e-01  1.12127020e-12 
 2.67000000e-01  1.15461797e-12 
 2.68000000e-01  1.18895178e-12 
 2.69000000e-01  1.22430055e-12 
 2.70000000e-01  1.26069400e-12 
 2.71000000e-01  1.29816272e-12 
 2.72000000e-01  1.33673820e-12 
 2.73000000e-01  1.37645283e-12 
 2.74000000e-01  1.41733991e-12 
 2.75000000e-01  1.45943375e-12 
 2.76000000e-01  1.50276960e-12 
 2.77000000e-01  1.54738375e-12 
 2.78000000e-01  1.59331353e-12 
 2.79000000e-01  1.64059734e-12 
 2.80000000e-01  1.68927469e-12 
 2.81000000e-01  1.73938622e-12 
 2.82000000e-01  1.79097373e-12 
 2.83000000e-01  1.84408024e-12 
 2.84000000e-01  1.89874997e-12 
 2.85000000e-01  1.95502844e-12 
 2.86000000e-01  2.01296245e-12 
 2.87000000e-01  2.07260015e-12 
 2.88000000e-01  2.13399105e-12 
 2.89000000e-01  2.19718610e-12 
 2.90000000e-01  2.26223768e-12 
 2.91000000e-01  2.32919967e-12 
 2.92000000e-01  2.39812750e-12 
 2.93000000e-01  2.46907815e-12 
 2.94000000e-01  2.54211023e-12 
 2.95000000e-01  2.61728404e-12 
 2.96000000e-01  2.69466156e-12 
 2.97000000e-01  2.77430654e-12 
 2.98000000e-01  2.85628455e-12 
 2.99000000e-01  2.94066298e-12 
 3.00000000e-01  3.02751118e-12 
 3.01000000e-01  3.11690041e-12 
 3.02000000e-01  3.20890398e-12 
 3.03000000e-01  3.30359724e-12 
 3.04000000e-01  3.40105769e-12 
 3.05000000e-01  3.50136499e-12 
 3.06000000e-01  3.60460105e-12 
 3.07000000e-01  3.71085010e-12 
 3.08000000e-01  3.82019870e-12 
 3.09000000e-01  3.93273587e-12 
 3.10000000e-01  4.04855311e-12 
 3.11000000e-01  4.16774449e-12 
 3.12000000e-01  4.29040669e-12 
 3.13000000e-01  4.41663912e-12 
 3.14000000e-01  4.54654394e-12 
 3.15000000e-01  4.68022619e-12 
 3.16000000e-01  4.81779379e-12 
 3.17000000e-01  4.95935769e-12 
 3.18000000e-01  5.10503193e-12 
 3.19000000e-01  5.25493369e-12 
 3.20000000e-01  5.40918342e-12 
 3.21000000e-01  5.56790489e-12 
 3.22000000e-01  5.73122531e-12 
 3.23000000e-01  5.89927537e-12 
 3.24000000e-01  6.07218941e-12 
 3.25000000e-01  6.25010544e-12 
 3.26000000e-01  6.43316527e-12 
 3.27000000e-01  6.62151461e-12 
 3.28000000e-01  6.81530319e-12 
 3.29000000e-01  7.01468481e-12 
 3.30000000e-01  7.21981750e-12 
 3.31000000e-01  7.43086360e-12 
 3.32000000e-01  7.64798989e-12 
 3.33000000e-01  7.87136769e-12 
 3.34000000e-01  8.10117298e-12 
 3.35000000e-01  8.33758654e-12 
 3.36000000e-01  8.58079404e-12 
 3.37000000e-01  8.83098618e-12 
 3.38000000e-01  9.08835883e-12 
 3.39000000e-01  9.35311315e-12 
 3.40000000e-01  9.62545572e-12 
 3.41000000e-01  9.90559869e-12 
 3.42000000e-01  1.01937599e-11 
 3.43000000e-01  1.04901631e-11 
 3.44000000e-01  1.07950379e-11 
 3.45000000e-01  1.11086203e-11 
 3.46000000e-01  1.14311523e-11 
 3.47000000e-01  1.17628826e-11 
 3.48000000e-01  1.21040663e-11 
 3.49000000e-01  1.24549655e-11 
 3.50000000e-01  1.28158492e-11 
 3.51000000e-01  1.31869934e-11 
 3.52000000e-01  1.35686815e-11 
 3.53000000e-01  1.39612044e-11 
 3.54000000e-01  1.43648606e-11 
 3.55000000e-01  1.47799564e-11 
 3.56000000e-01  1.52068063e-11 
 3.57000000e-01  1.56457329e-11 
 3.58000000e-01  1.60970672e-11 
 3.59000000e-01  1.65611491e-11 
 3.60000000e-01  1.70383269e-11 
 3.61000000e-01  1.75289584e-11 
 3.62000000e-01  1.80334104e-11 
 3.63000000e-01  1.85520593e-11 
 3.64000000e-01  1.90852911e-11 
 3.65000000e-01  1.96335019e-11 
 3.66000000e-01  2.01970979e-11 
 3.67000000e-01  2.07764957e-11 
 3.68000000e-01  2.13721226e-11 
 3.69000000e-01  2.19844168e-11 
 3.70000000e-01  2.26138277e-11 
 3.71000000e-01  2.32608159e-11 
 3.72000000e-01  2.39258541e-11 
 3.73000000e-01  2.46094266e-11 
 3.74000000e-01  2.53120300e-11 
 3.75000000e-01  2.60341734e-11 
 3.76000000e-01  2.67763788e-11 
 3.77000000e-01  2.75391812e-11 
 3.78000000e-01  2.83231289e-11 
 3.79000000e-01  2.91287839e-11 
 3.80000000e-01  2.99567222e-11 
 3.81000000e-01  3.08075341e-11 
 3.82000000e-01  3.16818243e-11 
 3.83000000e-01  3.25802128e-11 
 3.84000000e-01  3.35033344e-11 
 3.85000000e-01  3.44518397e-11 
 3.86000000e-01  3.54263953e-11 
 3.87000000e-01  3.64276837e-11 
 3.88000000e-01  3.74564044e-11 
 3.89000000e-01  3.85132736e-11 
 3.90000000e-01  3.95990249e-11 
 3.91000000e-01  4.07144095e-11 
 3.92000000e-01  4.18601967e-11 
 3.93000000e-01  4.30371743e-11 
 3.94000000e-01  4.42461487e-11 
 3.95000000e-01  4.54879457e-11 
 3.96000000e-01  4.67634107e-11 
 3.97000000e-01  4.80734088e-11 
 3.98000000e-01  4.94188259e-11 
 3.99000000e-01  5.08005683e-11 
 4.00000000e-01  5.22195640e-11 
 4.01000000e-01  5.36767622e-11 
 4.02000000e-01  5.51731344e-11 
 4.03000000e-01  5.67096746e-11 
 4.04000000e-01  5.82873998e-11 
 4.05000000e-01  5.99073504e-11 
 4.06000000e-01  6.15705905e-11 
 4.07000000e-01  6.32782087e-11 
 4.08000000e-01  6.50313184e-11 
 4.09000000e-01  6.68310581e-11 
 4.10000000e-01  6.86785921e-11 
 4.11000000e-01  7.05751112e-11 
 4.12000000e-01  7.25218324e-11 
 4.13000000e-01  7.45200003e-11 
 4.14000000e-01  7.65708870e-11 
 4.15000000e-01  7.86757930e-11 
 4.16000000e-01  8.08360473e-11 
 4.17000000e-01  8.30530083e-11 
 4.18000000e-01  8.53280642e-11 
 4.19000000e-01  8.76626332e-11 
 4.20000000e-01  9.00581648e-11 
 4.21000000e-01  9.25161394e-11 
 4.22000000e-01  9.50380696e-11 
 4.23000000e-01  9.76255003e-11 
 4.24000000e-01  1.00280010e-10 
 4.25000000e-01  1.03003209e-10 
 4.26000000e-01  1.05796744e-10 
 4.27000000e-01  1.08662296e-10 
 4.28000000e-01  1.11601580e-10 
 4.29000000e-01  1.14616347e-10 
 4.30000000e-01  1.17708385e-10 
 4.31000000e-01  1.20879521e-10 
 4.32000000e-01  1.24131616e-10 
 4.33000000e-01  1.27466571e-10 
 4.34000000e-01  1.30886326e-10 
 4.35000000e-01  1.34392861e-10 
 4.36000000e-01  1.37988195e-10 
 4.37000000e-01  1.41674387e-10 
 4.38000000e-01  1.45453539e-10 
 4.39000000e-01  1.49327794e-10 
 4.40000000e-01  1.53299339e-10 
 4.41000000e-01  1.57370401e-10 
 4.42000000e-01  1.61543253e-10 
 4.43000000e-01  1.65820213e-10 
 4.44000000e-01  1.70203643e-10 
 4.45000000e-01  1.74695951e-10 
 4.46000000e-01  1.79299591e-10 
 4.47000000e-01  1.84017066e-10 
 4.48000000e-01  1.88850923e-10 
 4.49000000e-01  1.93803760e-10 
 4.50000000e-01  1.98878224e-10 
 4.51000000e-01  2.04077012e-10 
 4.52000000e-01  2.09402868e-10 
 4.53000000e-01  2.14858592e-10 
 4.54000000e-01  2.20447033e-10 
 4.55000000e-01  2.26171091e-10 
 4.56000000e-01  2.32033721e-10 
 4.57000000e-01  2.38037933e-10 
 4.58000000e-01  2.44186788e-10 
 4.59000000e-01  2.50483404e-10 
 4.60000000e-01  2.56930956e-10 
 4.61000000e-01  2.63532672e-10 
 4.62000000e-01  2.70291841e-10 
 4.63000000e-01  2.77211807e-10 
 4.64000000e-01  2.84295974e-10 
 4.65000000e-01  2.91547805e-10 
 4.66000000e-01  2.98970822e-10 
 4.67000000e-01  3.06568609e-10 
 4.68000000e-01  3.14344811e-10 
 4.69000000e-01  3.22303134e-10 
 4.70000000e-01  3.30447349e-10 
 4.71000000e-01  3.38781287e-10 
 4.72000000e-01  3.47308847e-10 
 4.73000000e-01  3.56033990e-10 
 4.74000000e-01  3.64960744e-10 
 4.75000000e-01  3.74093204e-10 
 4.76000000e-01  3.83435531e-10 
 4.77000000e-01  3.92991953e-10 
 4.78000000e-01  4.02766768e-10 
 4.79000000e-01  4.12764344e-10 
 4.80000000e-01  4.22989117e-10 
 4.81000000e-01  4.33445595e-10 
 4.82000000e-01  4.44138357e-10 
 4.83000000e-01  4.55072055e-10 
 4.84000000e-01  4.66251414e-10 
 4.85000000e-01  4.77681231e-10 
 4.86000000e-01  4.89366379e-10 
 4.87000000e-01  5.01311807e-10 
 4.88000000e-01  5.13522539e-10 
 4.89000000e-01  5.26003676e-10 
 4.90000000e-01  5.38760398e-10 
 4.91000000e-01  5.51797961e-10 
 4.92000000e-01  5.65121702e-10 
 4.93000000e-01  5.78737038e-10 
 4.94000000e-01  5.92649467e-10 
 4.95000000e-01  6.06864567e-10 
 4.96000000e-01  6.21388002e-10 
 4.97000000e-01  6.36225516e-10 
 4.98000000e-01  6.51382939e-10 
 4.99000000e-01  6.66866186e-10 
 5.00000000e-01  6.82681258e-10 
 5.01000000e-01  6.98834243e-10 
 5.02000000e-01  7.15331315e-10 
 5.03000000e-01  7.32178739e-10 
 5.04000000e-01  7.49382870e-10 
 5.05000000e-01  7.66950151e-10 
 5.06000000e-01  7.84887119e-10 
 5.07000000e-01  8.03200401e-10 
 5.08000000e-01  8.21896721e-10 
 5.09000000e-01  8.40982893e-10 
 5.10000000e-01  8.60465831e-10 
 5.11000000e-01  8.80352542e-10 
 5.12000000e-01  9.00650132e-10 
 5.13000000e-01  9.21365806e-10 
 5.14000000e-01  9.42506867e-10 
 5.15000000e-01  9.64080721e-10 
 5.16000000e-01  9.86094875e-10 
 5.17000000e-01  1.00855694e-09 
 5.18000000e-01  1.03147462e-09 
 5.19000000e-01  1.05485575e-09 
 5.20000000e-01  1.07870825e-09 
 5.21000000e-01  1.10304016e-09 
 5.22000000e-01  1.12785961e-09 
 5.23000000e-01  1.15317486e-09 
 5.24000000e-01  1.17899427e-09 
 5.25000000e-01  1.20532634e-09 
 5.26000000e-01  1.23217963e-09 
 5.27000000e-01  1.25956288e-09 
 5.28000000e-01  1.28748490e-09 
 5.29000000e-01  1.31595463e-09 
 5.30000000e-01  1.34498115e-09 
 5.31000000e-01  1.37457364e-09 
 5.32000000e-01  1.40474140e-09 
 5.33000000e-01  1.43549389e-09 
 5.34000000e-01  1.46684065e-09 
 5.35000000e-01  1.49879138e-09 
 5.36000000e-01  1.53135589e-09 
 5.37000000e-01  1.56454415e-09 
 5.38000000e-01  1.59836623e-09 
 5.39000000e-01  1.63283235e-09 
 5.40000000e-01  1.66795288e-09 
 5.41000000e-01  1.70373831e-09 
 5.42000000e-01  1.74019927e-09 
 5.43000000e-01  1.77734656e-09 
 5.44000000e-01  1.81519109e-09 
 5.45000000e-01  1.85374393e-09 
 5.46000000e-01  1.89301632e-09 
 5.47000000e-01  1.93301962e-09 
 5.48000000e-01  1.97376536e-09 
 5.49000000e-01  2.01526523e-09 
 5.50000000e-01  2.05753106e-09 
 5.51000000e-01  2.10057486e-09 
 5.52000000e-01  2.14440880e-09 
 5.53000000e-01  2.18904520e-09 
 5.54000000e-01  2.23449656e-09 
 5.55000000e-01  2.28077555e-09 
 5.56000000e-01  2.32789502e-09 
 5.57000000e-01  2.37586799e-09 
 5.58000000e-01  2.42470764e-09 
 5.59000000e-01  2.47442736e-09 
 5.60000000e-01  2.52504072e-09 
 5.61000000e-01  2.57656146e-09 
 5.62000000e-01  2.62900352e-09 
 5.63000000e-01  2.68238104e-09 
 5.64000000e-01  2.73670834e-09 
 5.65000000e-01  2.79199997e-09 
 5.66000000e-01  2.84827065e-09 
 5.67000000e-01  2.90553532e-09 
 5.68000000e-01  2.96380912e-09 
 5.69000000e-01  3.02310743e-09 
 5.70000000e-01  3.08344582e-09 
 5.71000000e-01  3.14484009e-09 
 5.72000000e-01  3.20730625e-09 
 5.73000000e-01  3.27086057e-09 
 5.74000000e-01  3.33551952e-09 
 5.75000000e-01  3.40129981e-09 
 5.76000000e-01  3.46821840e-09 
 5.77000000e-01  3.53629250e-09 
 5.78000000e-01  3.60553953e-09 
 5.79000000e-01  3.67597721e-09 
 5.80000000e-01  3.74762349e-09 
 5.81000000e-01  3.82049657e-09 
 5.82000000e-01  3.89461493e-09 
 5.83000000e-01  3.96999732e-09 
 5.84000000e-01  4.04666276e-09 
 5.85000000e-01  4.12463054e-09 
 5.86000000e-01  4.20392025e-09 
 5.87000000e-01  4.28455175e-09 
 5.88000000e-01  4.36654521e-09 
 5.89000000e-01  4.44992107e-09 
 5.90000000e-01  4.53470011e-09 
 5.91000000e-01  4.62090339e-09 
 5.92000000e-01  4.70855230e-09 
 5.93000000e-01  4.79766852e-09 
 5.94000000e-01  4.88827410e-09 
 5.95000000e-01  4.98039138e-09 
 5.96000000e-01  5.07404306e-09 
 5.97000000e-01  5.16925216e-09 
 5.98000000e-01  5.26604207e-09 
 5.99000000e-01  5.36443652e-09 
 6.00000000e-01  5.46445959e-09 
 6.01000000e-01  5.56613576e-09 
 6.02000000e-01  5.66948983e-09 
 6.03000000e-01  5.77454703e-09 
 6.04000000e-01  5.88133294e-09 
 6.05000000e-01  5.98987355e-09 
 6.06000000e-01  6.10019524e-09 
 6.07000000e-01  6.21232479e-09 
 6.08000000e-01  6.32628940e-09 
 6.09000000e-01  6.44211669e-09 
 6.10000000e-01  6.55983471e-09 
 6.11000000e-01  6.67947193e-09 
 6.12000000e-01  6.80105728e-09 
 6.13000000e-01  6.92462012e-09 
 6.14000000e-01  7.05019028e-09 
 6.15000000e-01  7.17779804e-09 
 6.16000000e-01  7.30747418e-09 
 6.17000000e-01  7.43924994e-09 
 6.18000000e-01  7.57315705e-09 
 6.19000000e-01  7.70922774e-09 
 6.20000000e-01  7.84749475e-09 
 6.21000000e-01  7.98799134e-09 
 6.22000000e-01  8.13075128e-09 
 6.23000000e-01  8.27580888e-09 
 6.24000000e-01  8.42319900e-09 
 6.25000000e-01  8.57295705e-09 
 6.26000000e-01  8.72511898e-09 
 6.27000000e-01  8.87972133e-09 
 6.28000000e-01  9.03680124e-09 
 6.29000000e-01  9.19639639e-09 
 6.30000000e-01  9.35854512e-09 
 6.31000000e-01  9.52328633e-09 
 6.32000000e-01  9.69065957e-09 
 6.33000000e-01  9.86070503e-09 
 6.34000000e-01  1.00334635e-08 
 6.35000000e-01  1.02089765e-08 
 6.36000000e-01  1.03872862e-08 
 6.37000000e-01  1.05684353e-08 
 6.38000000e-01  1.07524674e-08 
 6.39000000e-01  1.09394267e-08 
 6.40000000e-01  1.11293582e-08 
 6.41000000e-01  1.13223074e-08 
 6.42000000e-01  1.15183208e-08 
 6.43000000e-01  1.17174455e-08 
 6.44000000e-01  1.19197294e-08 
 6.45000000e-01  1.21252213e-08 
 6.46000000e-01  1.23339705e-08 
 6.47000000e-01  1.25460274e-08 
 6.48000000e-01  1.27614430e-08 
 6.49000000e-01  1.29802693e-08 
 6.50000000e-01  1.32025592e-08 
 6.51000000e-01  1.34283661e-08 
 6.52000000e-01  1.36577446e-08 
 6.53000000e-01  1.38907503e-08 
 6.54000000e-01  1.41274392e-08 
 6.55000000e-01  1.43678688e-08 
 6.56000000e-01  1.46120972e-08 
 6.57000000e-01  1.48601834e-08 
 6.58000000e-01  1.51121877e-08 
 6.59000000e-01  1.53681711e-08 
 6.60000000e-01  1.56281958e-08 
 6.61000000e-01  1.58923248e-08 
 6.62000000e-01  1.61606223e-08 
 6.63000000e-01  1.64331535e-08 
 6.64000000e-01  1.67099848e-08 
 6.65000000e-01  1.69911835e-08 
 6.66000000e-01  1.72768181e-08 
 6.67000000e-01  1.75669583e-08 
 6.68000000e-01  1.78616749e-08 
 6.69000000e-01  1.81610399e-08 
 6.70000000e-01  1.84651264e-08 
 6.71000000e-01  1.87740088e-08 
 6.72000000e-01  1.90877627e-08 
 6.73000000e-01  1.94064650e-08 
 6.74000000e-01  1.97301938e-08 
 6.75000000e-01  2.00590286e-08 
 6.76000000e-01  2.03930502e-08 
 6.77000000e-01  2.07323406e-08 
 6.78000000e-01  2.10769834e-08 
 6.79000000e-01  2.14270635e-08 
 6.80000000e-01  2.17826670e-08 
 6.81000000e-01  2.21438819e-08 
 6.82000000e-01  2.25107972e-08 
 6.83000000e-01  2.28835036e-08 
 6.84000000e-01  2.32620935e-08 
 6.85000000e-01  2.36466604e-08 
 6.86000000e-01  2.40372998e-08 
 6.87000000e-01  2.44341085e-08 
 6.88000000e-01  2.48371851e-08 
 6.89000000e-01  2.52466298e-08 
 6.90000000e-01  2.56625444e-08 
 6.91000000e-01  2.60850326e-08 
 6.92000000e-01  2.65141995e-08 
 6.93000000e-01  2.69501524e-08 
 6.94000000e-01  2.73930000e-08 
 6.95000000e-01  2.78428531e-08 
 6.96000000e-01  2.82998243e-08 
 6.97000000e-01  2.87640279e-08 
 6.98000000e-01  2.92355804e-08 
 6.99000000e-01  2.97146001e-08 
 7.00000000e-01  3.02012072e-08 
 7.01000000e-01  3.06955243e-08 
 7.02000000e-01  3.11976755e-08 
 7.03000000e-01  3.17077875e-08 
 7.04000000e-01  3.22259888e-08 
 7.05000000e-01  3.27524102e-08 
 7.06000000e-01  3.32871847e-08 
 7.07000000e-01  3.38304474e-08 
 7.08000000e-01  3.43823359e-08 
 7.09000000e-01  3.49429899e-08 
 7.10000000e-01  3.55125515e-08 
 7.11000000e-01  3.60911654e-08 
 7.12000000e-01  3.66789784e-08 
 7.13000000e-01  3.72761399e-08 
 7.14000000e-01  3.78828019e-08 
 7.15000000e-01  3.84991189e-08 
 7.16000000e-01  3.91252479e-08 
 7.17000000e-01  3.97613486e-08 
 7.18000000e-01  4.04075834e-08 
 7.19000000e-01  4.10641174e-08 
 7.20000000e-01  4.17311184e-08 
 7.21000000e-01  4.24087572e-08 
 7.22000000e-01  4.30972073e-08 
 7.23000000e-01  4.37966451e-08 
 7.24000000e-01  4.45072500e-08 
 7.25000000e-01  4.52292044e-08 
 7.26000000e-01  4.59626936e-08 
 7.27000000e-01  4.67079063e-08 
 7.28000000e-01  4.74650341e-08 
 7.29000000e-01  4.82342718e-08 
 7.30000000e-01  4.90158175e-08 
 7.31000000e-01  4.98098727e-08 
 7.32000000e-01  5.06166420e-08 
 7.33000000e-01  5.14363335e-08 
 7.34000000e-01  5.22691590e-08 
 7.35000000e-01  5.31153333e-08 
 7.36000000e-01  5.39750753e-08 
 7.37000000e-01  5.48486070e-08 
 7.38000000e-01  5.57361545e-08 
 7.39000000e-01  5.66379474e-08 
 7.40000000e-01  5.75542191e-08 
 7.41000000e-01  5.84852068e-08 
 7.42000000e-01  5.94311517e-08 
 7.43000000e-01  6.03922988e-08 
 7.44000000e-01  6.13688974e-08 
 7.45000000e-01  6.23612004e-08 
 7.46000000e-01  6.33694653e-08 
 7.47000000e-01  6.43939535e-08 
 7.48000000e-01  6.54349308e-08 
 7.49000000e-01  6.64926670e-08 
 7.50000000e-01  6.75674367e-08 
 7.51000000e-01  6.86595187e-08 
 7.52000000e-01  6.97691963e-08 
 7.53000000e-01  7.08967573e-08 
 7.54000000e-01  7.20424943e-08 
 7.55000000e-01  7.32067044e-08 
 7.56000000e-01  7.43896895e-08 
 7.57000000e-01  7.55917563e-08 
 7.58000000e-01  7.68132165e-08 
 7.59000000e-01  7.80543864e-08 
 7.60000000e-01  7.93155878e-08 
 7.61000000e-01  8.05971470e-08 
 7.62000000e-01  8.18993959e-08 
 7.63000000e-01  8.32226714e-08 
 7.64000000e-01  8.45673156e-08 
 7.65000000e-01  8.59336760e-08 
 7.66000000e-01  8.73221055e-08 
 7.67000000e-01  8.87329625e-08 
 7.68000000e-01  9.01666107e-08 
 7.69000000e-01  9.16234198e-08 
 7.70000000e-01  9.31037646e-08 
 7.71000000e-01  9.46080262e-08 
 7.72000000e-01  9.61365910e-08 
 7.73000000e-01  9.76898516e-08 
 7.74000000e-01  9.92682064e-08 
 7.75000000e-01  1.00872060e-07 
 7.76000000e-01  1.02501822e-07 
 7.77000000e-01  1.04157909e-07 
 7.78000000e-01  1.05840744e-07 
 7.79000000e-01  1.07550757e-07 
 7.80000000e-01  1.09288381e-07 
 7.81000000e-01  1.11054060e-07 
 7.82000000e-01  1.12848239e-07 
 7.83000000e-01  1.14671376e-07 
 7.84000000e-01  1.16523929e-07 
 7.85000000e-01  1.18406367e-07 
 7.86000000e-01  1.20319164e-07 
 7.87000000e-01  1.22262801e-07 
 7.88000000e-01  1.24237766e-07 
 7.89000000e-01  1.26244553e-07 
 7.90000000e-01  1.28283665e-07 
 7.91000000e-01  1.30355609e-07 
 7.92000000e-01  1.32460900e-07 
 7.93000000e-01  1.34600062e-07 
 7.94000000e-01  1.36773624e-07 
 7.95000000e-01  1.38982122e-07 
 7.96000000e-01  1.41226101e-07 
 7.97000000e-01  1.43506112e-07 
 7.98000000e-01  1.45822713e-07 
 7.99000000e-01  1.48176470e-07 
 8.00000000e-01  1.50567956e-07 
 8.01000000e-01  1.52997751e-07 
 8.02000000e-01  1.55466445e-07 
 8.03000000e-01  1.57974632e-07 
 8.04000000e-01  1.60522915e-07 
 8.05000000e-01  1.63111905e-07 
 8.06000000e-01  1.65742220e-07 
 8.07000000e-01  1.68414487e-07 
 8.08000000e-01  1.71129337e-07 
 8.09000000e-01  1.73887413e-07 
 8.10000000e-01  1.76689364e-07 
 8.11000000e-01  1.79535845e-07 
 8.12000000e-01  1.82427522e-07 
 8.13000000e-01  1.85365065e-07 
 8.14000000e-01  1.88349155e-07 
 8.15000000e-01  1.91380480e-07 
 8.16000000e-01  1.94459734e-07 
 8.17000000e-01  1.97587620e-07 
 8.18000000e-01  2.00764850e-07 
 8.19000000e-01  2.03992142e-07 
 8.20000000e-01  2.07270222e-07 
 8.21000000e-01  2.10599825e-07 
 8.22000000e-01  2.13981691e-07 
 8.23000000e-01  2.17416572e-07 
 8.24000000e-01  2.20905223e-07 
 8.25000000e-01  2.24448410e-07 
 8.26000000e-01  2.28046906e-07 
 8.27000000e-01  2.31701491e-07 
 8.28000000e-01  2.35412953e-07 
 8.29000000e-01  2.39182087e-07 
 8.30000000e-01  2.43009696e-07 
 8.31000000e-01  2.46896591e-07 
 8.32000000e-01  2.50843589e-07 
 8.33000000e-01  2.54851517e-07 
 8.34000000e-01  2.58921206e-07 
 8.35000000e-01  2.63053498e-07 
 8.36000000e-01  2.67249238e-07 
 8.37000000e-01  2.71509281e-07 
 8.38000000e-01  2.75834490e-07 
 8.39000000e-01  2.80225732e-07 
 8.40000000e-01  2.84683883e-07 
 8.41000000e-01  2.89209826e-07 
 8.42000000e-01  2.93804449e-07 
 8.43000000e-01  2.98468648e-07 
 8.44000000e-01  3.03203327e-07 
 8.45000000e-01  3.08009393e-07 
 8.46000000e-01  3.12887763e-07 
 8.47000000e-01  3.17839358e-07 
 8.48000000e-01  3.22865107e-07 
 8.49000000e-01  3.27965943e-07 
 8.50000000e-01  3.33142806e-07 
 8.51000000e-01  3.38396643e-07 
 8.52000000e-01  3.43728405e-07 
 8.53000000e-01  3.49139050e-07 
 8.54000000e-01  3.54629540e-07 
 8.55000000e-01  3.60200845e-07 
 8.56000000e-01  3.65853936e-07 
 8.57000000e-01  3.71589794e-07 
 8.58000000e-01  3.77409401e-07 
 8.59000000e-01  3.83313746e-07 
 8.60000000e-01  3.89303822e-07 
 8.61000000e-01  3.95380626e-07 
 8.62000000e-01  4.01545160e-07 
 8.63000000e-01  4.07798431e-07 
 8.64000000e-01  4.14141449e-07 
 8.65000000e-01  4.20575227e-07 
 8.66000000e-01  4.27100783e-07 
 8.67000000e-01  4.33719138e-07 
 8.68000000e-01  4.40431317e-07 
 8.69000000e-01  4.47238348e-07 
 8.70000000e-01  4.54141260e-07 
 8.71000000e-01  4.61141089e-07 
 8.72000000e-01  4.68238869e-07 
 8.73000000e-01  4.75435639e-07 
 8.74000000e-01  4.82732440e-07 
 8.75000000e-01  4.90130315e-07 
 8.76000000e-01  4.97630308e-07 
 8.77000000e-01  5.05233466e-07 
 8.78000000e-01  5.12940837e-07 
 8.79000000e-01  5.20753469e-07 
 8.80000000e-01  5.28672413e-07 
 8.81000000e-01  5.36698719e-07 
 8.82000000e-01  5.44833440e-07 
 8.83000000e-01  5.53077627e-07 
 8.84000000e-01  5.61432333e-07 
 8.85000000e-01  5.69898610e-07 
 8.86000000e-01  5.78477510e-07 
 8.87000000e-01  5.87170085e-07 
 8.88000000e-01  5.95977386e-07 
 8.89000000e-01  6.04900463e-07 
 8.90000000e-01  6.13940367e-07 
 8.91000000e-01  6.23098145e-07 
 8.92000000e-01  6.32374844e-07 
 8.93000000e-01  6.41771509e-07 
 8.94000000e-01  6.51289183e-07 
 8.95000000e-01  6.60928908e-07 
 8.96000000e-01  6.70691722e-07 
 8.97000000e-01  6.80578662e-07 
 8.98000000e-01  6.90590763e-07 
 8.99000000e-01  7.00729054e-07 
 9.00000000e-01  7.10994564e-07 
 9.01000000e-01  7.21388317e-07 
 9.02000000e-01  7.31911335e-07 
 9.03000000e-01  7.42564634e-07 
 9.04000000e-01  7.53349228e-07 
 9.05000000e-01  7.64266127e-07 
 9.06000000e-01  7.75316336e-07 
 9.07000000e-01  7.86500856e-07 
 9.08000000e-01  7.97820681e-07 
 9.09000000e-01  8.09276805e-07 
 9.10000000e-01  8.20870212e-07 
 9.11000000e-01  8.32601883e-07 
 9.12000000e-01  8.44472795e-07 
 9.13000000e-01  8.56483916e-07 
 9.14000000e-01  8.68636212e-07 
 9.15000000e-01  8.80930640e-07 
 9.16000000e-01  8.93368152e-07 
 9.17000000e-01  9.05949694e-07 
 9.18000000e-01  9.18676205e-07 
 9.19000000e-01  9.31548619e-07 
 9.20000000e-01  9.44567861e-07 
 9.21000000e-01  9.57734850e-07 
 9.22000000e-01  9.71050499e-07 
 9.23000000e-01  9.84515712e-07 
 9.24000000e-01  9.98131387e-07 
 9.25000000e-01  1.01189841e-06 
 9.26000000e-01  1.02581767e-06 
 9.27000000e-01  1.03989004e-06 
 9.28000000e-01  1.05411639e-06 
 9.29000000e-01  1.06849757e-06 
 9.30000000e-01  1.08303443e-06 
 9.31000000e-01  1.09772782e-06 
 9.32000000e-01  1.11257858e-06 
 9.33000000e-01  1.12758752e-06 
 9.34000000e-01  1.14275546e-06 
 9.35000000e-01  1.15808321e-06 
 9.36000000e-01  1.17357158e-06 
 9.37000000e-01  1.18922135e-06 
 9.38000000e-01  1.20503330e-06 
 9.39000000e-01  1.22100821e-06 
 9.40000000e-01  1.23714683e-06 
 9.41000000e-01  1.25344994e-06 
 9.42000000e-01  1.26991826e-06 
 9.43000000e-01  1.28655253e-06 
 9.44000000e-01  1.30335349e-06 
 9.45000000e-01  1.32032184e-06 
 9.46000000e-01  1.33745830e-06 
 9.47000000e-01  1.35476357e-06 
 9.48000000e-01  1.37223832e-06 
 9.49000000e-01  1.38988324e-06 
 9.50000000e-01  1.40769901e-06 
 9.51000000e-01  1.42568627e-06 
 9.52000000e-01  1.44384567e-06 
 9.53000000e-01  1.46217787e-06 
 9.54000000e-01  1.48068348e-06 
 9.55000000e-01  1.49936312e-06 
 9.56000000e-01  1.51821741e-06 
 9.57000000e-01  1.53724695e-06 
 9.58000000e-01  1.55645232e-06 
 9.59000000e-01  1.57583411e-06 
 9.60000000e-01  1.59539289e-06 
 9.61000000e-01  1.61512922e-06 
 9.62000000e-01  1.63504364e-06 
 9.63000000e-01  1.65513671e-06 
 9.64000000e-01  1.67540894e-06 
 9.65000000e-01  1.69586087e-06 
 9.66000000e-01  1.71649300e-06 
 9.67000000e-01  1.73730583e-06 
 9.68000000e-01  1.75829986e-06 
 9.69000000e-01  1.77947557e-06 
 9.70000000e-01  1.80083343e-06 
 9.71000000e-01  1.82237391e-06 
 9.72000000e-01  1.84409745e-06 
 9.73000000e-01  1.86600450e-06 
 9.74000000e-01  1.88809549e-06 
 9.75000000e-01  1.91037085e-06 
 9.76000000e-01  1.93283100e-06 
 9.77000000e-01  1.95547633e-06 
 9.78000000e-01  1.97830725e-06 
 9.79000000e-01  2.00132414e-06 
 9.80000000e-01  2.02452738e-06 
 9.81000000e-01  2.04791734e-06 
 9.82000000e-01  2.07149437e-06 
 9.83000000e-01  2.09525882e-06 
 9.84000000e-01  2.11921105e-06 
 9.85000000e-01  2.14335137e-06 
 9.86000000e-01  2.16768012e-06 
 9.87000000e-01  2.19219760e-06 
 9.88000000e-01  2.21690412e-06 
 9.89000000e-01  2.24179998e-06 
 9.90000000e-01  2.26688547e-06 
 9.91000000e-01  2.29216086e-06 
 9.92000000e-01  2.31762644e-06 
 9.93000000e-01  2.34328245e-06 
 9.94000000e-01  2.36912916e-06 
 9.95000000e-01  2.39516681e-06 
 9.96000000e-01  2.42139564e-06 
 9.97000000e-01  2.44781589e-06 
 9.98000000e-01  2.47442776e-06 
 9.99000000e-01  2.50123148e-06 
 1.00000000e+00  2.52822726e-06 
