 0.00000000e+00 -1.25232276e-16 
 1.00000000e-03  1.00000000e-03 
 2.00000000e-03  2.00000000e-03 
 3.00000000e-03  3.00000000e-03 
 4.00000000e-03  4.00000000e-03 
 5.00000000e-03  5.00000000e-03 
 6.00000000e-03  6.00000000e-03 
 7.00000000e-03  7.00000000e-03 
 8.00000000e-03  8.00000000e-03 
 9.00000000e-03  9.00000000e-03 
 1.00000000e-02  1.00000000e-02 
 1.10000000e-02  1.10000000e-02 
 1.20000000e-02  1.20000000e-02 
 1.30000000e-02  1.30000000e-02 
 1.40000000e-02  1.40000000e-02 
 1.50000000e-02  1.50000000e-02 
 1.60000000e-02  1.60000000e-02 
 1.70000000e-02  1.70000000e-02 
 1.80000000e-02  1.80000000e-02 
 1.90000000e-02  1.90000000e-02 
 2.00000000e-02  2.00000000e-02 
 2.10000000e-02  2.10000000e-02 
 2.20000000e-02  2.20000000e-02 
 2.30000000e-02  2.30000000e-02 
 2.40000000e-02  2.40000000e-02 
 2.50000000e-02  2.50000000e-02 
 2.60000000e-02  2.60000000e-02 
 2.70000000e-02  2.70000000e-02 
 2.80000000e-02  2.80000000e-02 
 2.90000000e-02  2.90000000e-02 
 3.00000000e-02  3.00000000e-02 
 3.10000000e-02  3.10000000e-02 
 3.20000000e-02  3.20000000e-02 
 3.30000000e-02  3.30000000e-02 
 3.40000000e-02  3.40000000e-02 
 3.50000000e-02  3.50000000e-02 
 3.60000000e-02  3.60000000e-02 
 3.70000000e-02  3.70000000e-02 
 3.80000000e-02  3.80000000e-02 
 3.90000000e-02  3.90000000e-02 
 4.00000000e-02  4.00000000e-02 
 4.10000000e-02  4.10000000e-02 
 4.20000000e-02  4.20000000e-02 
 4.30000000e-02  4.30000000e-02 
 4.40000000e-02  4.40000000e-02 
 4.50000000e-02  4.50000000e-02 
 4.60000000e-02  4.60000000e-02 
 4.70000000e-02  4.70000000e-02 
 4.80000000e-02  4.80000000e-02 
 4.90000000e-02  4.90000000e-02 
 5.00000000e-02  5.00000000e-02 
 5.10000000e-02  5.10000000e-02 
 5.20000000e-02  5.20000000e-02 
 5.30000000e-02  5.30000000e-02 
 5.40000000e-02  5.40000000e-02 
 5.50000000e-02  5.50000000e-02 
 5.60000000e-02  5.60000000e-02 
 5.70000000e-02  5.70000000e-02 
 5.80000000e-02  5.80000000e-02 
 5.90000000e-02  5.90000000e-02 
 6.00000000e-02  6.00000000e-02 
 6.10000000e-02  6.10000000e-02 
 6.20000000e-02  6.20000000e-02 
 6.30000000e-02  6.30000000e-02 
 6.40000000e-02  6.40000000e-02 
 6.50000000e-02  6.50000000e-02 
 6.60000000e-02  6.60000000e-02 
 6.70000000e-02  6.70000000e-02 
 6.80000000e-02  6.80000000e-02 
 6.90000000e-02  6.90000000e-02 
 7.00000000e-02  7.00000000e-02 
 7.10000000e-02  7.10000000e-02 
 7.20000000e-02  7.20000000e-02 
 7.30000000e-02  7.30000000e-02 
 7.40000000e-02  7.40000000e-02 
 7.50000000e-02  7.50000000e-02 
 7.60000000e-02  7.60000000e-02 
 7.70000000e-02  7.70000000e-02 
 7.80000000e-02  7.80000000e-02 
 7.90000000e-02  7.90000000e-02 
 8.00000000e-02  8.00000000e-02 
 8.10000000e-02  8.10000000e-02 
 8.20000000e-02  8.20000000e-02 
 8.30000000e-02  8.30000000e-02 
 8.40000000e-02  8.40000000e-02 
 8.50000000e-02  8.50000000e-02 
 8.60000000e-02  8.60000000e-02 
 8.70000000e-02  8.70000000e-02 
 8.80000000e-02  8.80000000e-02 
 8.90000000e-02  8.90000000e-02 
 9.00000000e-02  9.00000000e-02 
 9.10000000e-02  9.10000000e-02 
 9.20000000e-02  9.20000000e-02 
 9.30000000e-02  9.30000000e-02 
 9.40000000e-02  9.40000000e-02 
 9.50000000e-02  9.50000000e-02 
 9.60000000e-02  9.60000000e-02 
 9.70000000e-02  9.70000000e-02 
 9.80000000e-02  9.80000000e-02 
 9.90000000e-02  9.90000000e-02 
 1.00000000e-01  1.00000000e-01 
 1.01000000e-01  1.01000000e-01 
 1.02000000e-01  1.02000000e-01 
 1.03000000e-01  1.03000000e-01 
 1.04000000e-01  1.04000000e-01 
 1.05000000e-01  1.05000000e-01 
 1.06000000e-01  1.06000000e-01 
 1.07000000e-01  1.07000000e-01 
 1.08000000e-01  1.08000000e-01 
 1.09000000e-01  1.09000000e-01 
 1.10000000e-01  1.10000000e-01 
 1.11000000e-01  1.11000000e-01 
 1.12000000e-01  1.12000000e-01 
 1.13000000e-01  1.13000000e-01 
 1.14000000e-01  1.14000000e-01 
 1.15000000e-01  1.15000000e-01 
 1.16000000e-01  1.16000000e-01 
 1.17000000e-01  1.17000000e-01 
 1.18000000e-01  1.18000000e-01 
 1.19000000e-01  1.19000000e-01 
 1.20000000e-01  1.20000000e-01 
 1.21000000e-01  1.21000000e-01 
 1.22000000e-01  1.22000000e-01 
 1.23000000e-01  1.23000000e-01 
 1.24000000e-01  1.24000000e-01 
 1.25000000e-01  1.25000000e-01 
 1.26000000e-01  1.26000000e-01 
 1.27000000e-01  1.27000000e-01 
 1.28000000e-01  1.28000000e-01 
 1.29000000e-01  1.29000000e-01 
 1.30000000e-01  1.30000000e-01 
 1.31000000e-01  1.31000000e-01 
 1.32000000e-01  1.32000000e-01 
 1.33000000e-01  1.33000000e-01 
 1.34000000e-01  1.34000000e-01 
 1.35000000e-01  1.35000000e-01 
 1.36000000e-01  1.36000000e-01 
 1.37000000e-01  1.37000000e-01 
 1.38000000e-01  1.38000000e-01 
 1.39000000e-01  1.39000000e-01 
 1.40000000e-01  1.40000000e-01 
 1.41000000e-01  1.41000000e-01 
 1.42000000e-01  1.42000000e-01 
 1.43000000e-01  1.43000000e-01 
 1.44000000e-01  1.44000000e-01 
 1.45000000e-01  1.45000000e-01 
 1.46000000e-01  1.46000000e-01 
 1.47000000e-01  1.47000000e-01 
 1.48000000e-01  1.48000000e-01 
 1.49000000e-01  1.49000000e-01 
 1.50000000e-01  1.50000000e-01 
 1.51000000e-01  1.51000000e-01 
 1.52000000e-01  1.52000000e-01 
 1.53000000e-01  1.53000000e-01 
 1.54000000e-01  1.54000000e-01 
 1.55000000e-01  1.55000000e-01 
 1.56000000e-01  1.56000000e-01 
 1.57000000e-01  1.57000000e-01 
 1.58000000e-01  1.58000000e-01 
 1.59000000e-01  1.59000000e-01 
 1.60000000e-01  1.60000000e-01 
 1.61000000e-01  1.61000000e-01 
 1.62000000e-01  1.62000000e-01 
 1.63000000e-01  1.63000000e-01 
 1.64000000e-01  1.64000000e-01 
 1.65000000e-01  1.65000000e-01 
 1.66000000e-01  1.66000000e-01 
 1.67000000e-01  1.67000000e-01 
 1.68000000e-01  1.68000000e-01 
 1.69000000e-01  1.69000000e-01 
 1.70000000e-01  1.70000000e-01 
 1.71000000e-01  1.71000000e-01 
 1.72000000e-01  1.72000000e-01 
 1.73000000e-01  1.73000000e-01 
 1.74000000e-01  1.74000000e-01 
 1.75000000e-01  1.75000000e-01 
 1.76000000e-01  1.76000000e-01 
 1.77000000e-01  1.77000000e-01 
 1.78000000e-01  1.78000000e-01 
 1.79000000e-01  1.79000000e-01 
 1.80000000e-01  1.80000000e-01 
 1.81000000e-01  1.81000000e-01 
 1.82000000e-01  1.82000000e-01 
 1.83000000e-01  1.83000000e-01 
 1.84000000e-01  1.84000000e-01 
 1.85000000e-01  1.85000000e-01 
 1.86000000e-01  1.86000000e-01 
 1.87000000e-01  1.87000000e-01 
 1.88000000e-01  1.88000000e-01 
 1.89000000e-01  1.89000000e-01 
 1.90000000e-01  1.90000000e-01 
 1.91000000e-01  1.91000000e-01 
 1.92000000e-01  1.92000000e-01 
 1.93000000e-01  1.93000000e-01 
 1.94000000e-01  1.94000000e-01 
 1.95000000e-01  1.95000000e-01 
 1.96000000e-01  1.96000000e-01 
 1.97000000e-01  1.97000000e-01 
 1.98000000e-01  1.98000000e-01 
 1.99000000e-01  1.99000000e-01 
 2.00000000e-01  2.00000000e-01 
 2.01000000e-01  2.01000000e-01 
 2.02000000e-01  2.02000000e-01 
 2.03000000e-01  2.03000000e-01 
 2.04000000e-01  2.04000000e-01 
 2.05000000e-01  2.05000000e-01 
 2.06000000e-01  2.06000000e-01 
 2.07000000e-01  2.07000000e-01 
 2.08000000e-01  2.08000000e-01 
 2.09000000e-01  2.09000000e-01 
 2.10000000e-01  2.10000000e-01 
 2.11000000e-01  2.11000000e-01 
 2.12000000e-01  2.12000000e-01 
 2.13000000e-01  2.13000000e-01 
 2.14000000e-01  2.14000000e-01 
 2.15000000e-01  2.15000000e-01 
 2.16000000e-01  2.16000000e-01 
 2.17000000e-01  2.17000000e-01 
 2.18000000e-01  2.18000000e-01 
 2.19000000e-01  2.19000000e-01 
 2.20000000e-01  2.20000000e-01 
 2.21000000e-01  2.21000000e-01 
 2.22000000e-01  2.22000000e-01 
 2.23000000e-01  2.23000000e-01 
 2.24000000e-01  2.24000000e-01 
 2.25000000e-01  2.25000000e-01 
 2.26000000e-01  2.26000000e-01 
 2.27000000e-01  2.27000000e-01 
 2.28000000e-01  2.28000000e-01 
 2.29000000e-01  2.29000000e-01 
 2.30000000e-01  2.30000000e-01 
 2.31000000e-01  2.31000000e-01 
 2.32000000e-01  2.32000000e-01 
 2.33000000e-01  2.33000000e-01 
 2.34000000e-01  2.34000000e-01 
 2.35000000e-01  2.35000000e-01 
 2.36000000e-01  2.36000000e-01 
 2.37000000e-01  2.37000000e-01 
 2.38000000e-01  2.38000000e-01 
 2.39000000e-01  2.39000000e-01 
 2.40000000e-01  2.40000000e-01 
 2.41000000e-01  2.41000000e-01 
 2.42000000e-01  2.42000000e-01 
 2.43000000e-01  2.43000000e-01 
 2.44000000e-01  2.44000000e-01 
 2.45000000e-01  2.45000000e-01 
 2.46000000e-01  2.46000000e-01 
 2.47000000e-01  2.47000000e-01 
 2.48000000e-01  2.48000000e-01 
 2.49000000e-01  2.49000000e-01 
 2.50000000e-01  2.50000000e-01 
 2.51000000e-01  2.51000000e-01 
 2.52000000e-01  2.52000000e-01 
 2.53000000e-01  2.53000000e-01 
 2.54000000e-01  2.54000000e-01 
 2.55000000e-01  2.55000000e-01 
 2.56000000e-01  2.56000000e-01 
 2.57000000e-01  2.57000000e-01 
 2.58000000e-01  2.58000000e-01 
 2.59000000e-01  2.59000000e-01 
 2.60000000e-01  2.60000000e-01 
 2.61000000e-01  2.61000000e-01 
 2.62000000e-01  2.62000000e-01 
 2.63000000e-01  2.63000000e-01 
 2.64000000e-01  2.64000000e-01 
 2.65000000e-01  2.65000000e-01 
 2.66000000e-01  2.66000000e-01 
 2.67000000e-01  2.67000000e-01 
 2.68000000e-01  2.68000000e-01 
 2.69000000e-01  2.69000000e-01 
 2.70000000e-01  2.70000000e-01 
 2.71000000e-01  2.71000000e-01 
 2.72000000e-01  2.72000000e-01 
 2.73000000e-01  2.73000000e-01 
 2.74000000e-01  2.74000000e-01 
 2.75000000e-01  2.75000000e-01 
 2.76000000e-01  2.76000000e-01 
 2.77000000e-01  2.77000000e-01 
 2.78000000e-01  2.78000000e-01 
 2.79000000e-01  2.79000000e-01 
 2.80000000e-01  2.80000000e-01 
 2.81000000e-01  2.81000000e-01 
 2.82000000e-01  2.82000000e-01 
 2.83000000e-01  2.83000000e-01 
 2.84000000e-01  2.84000000e-01 
 2.85000000e-01  2.85000000e-01 
 2.86000000e-01  2.86000000e-01 
 2.87000000e-01  2.87000000e-01 
 2.88000000e-01  2.88000000e-01 
 2.89000000e-01  2.89000000e-01 
 2.90000000e-01  2.90000000e-01 
 2.91000000e-01  2.91000000e-01 
 2.92000000e-01  2.92000000e-01 
 2.93000000e-01  2.93000000e-01 
 2.94000000e-01  2.94000000e-01 
 2.95000000e-01  2.95000000e-01 
 2.96000000e-01  2.96000000e-01 
 2.97000000e-01  2.97000000e-01 
 2.98000000e-01  2.98000000e-01 
 2.99000000e-01  2.99000000e-01 
 3.00000000e-01  3.00000000e-01 
 3.01000000e-01  3.01000000e-01 
 3.02000000e-01  3.02000000e-01 
 3.03000000e-01  3.03000000e-01 
 3.04000000e-01  3.04000000e-01 
 3.05000000e-01  3.05000000e-01 
 3.06000000e-01  3.06000000e-01 
 3.07000000e-01  3.07000000e-01 
 3.08000000e-01  3.08000000e-01 
 3.09000000e-01  3.09000000e-01 
 3.10000000e-01  3.10000000e-01 
 3.11000000e-01  3.11000000e-01 
 3.12000000e-01  3.12000000e-01 
 3.13000000e-01  3.13000000e-01 
 3.14000000e-01  3.14000000e-01 
 3.15000000e-01  3.15000000e-01 
 3.16000000e-01  3.16000000e-01 
 3.17000000e-01  3.17000000e-01 
 3.18000000e-01  3.18000000e-01 
 3.19000000e-01  3.19000000e-01 
 3.20000000e-01  3.20000000e-01 
 3.21000000e-01  3.21000000e-01 
 3.22000000e-01  3.22000000e-01 
 3.23000000e-01  3.23000000e-01 
 3.24000000e-01  3.24000000e-01 
 3.25000000e-01  3.25000000e-01 
 3.26000000e-01  3.26000000e-01 
 3.27000000e-01  3.27000000e-01 
 3.28000000e-01  3.28000000e-01 
 3.29000000e-01  3.29000000e-01 
 3.30000000e-01  3.30000000e-01 
 3.31000000e-01  3.31000000e-01 
 3.32000000e-01  3.32000000e-01 
 3.33000000e-01  3.33000000e-01 
 3.34000000e-01  3.34000000e-01 
 3.35000000e-01  3.35000000e-01 
 3.36000000e-01  3.36000000e-01 
 3.37000000e-01  3.37000000e-01 
 3.38000000e-01  3.38000000e-01 
 3.39000000e-01  3.39000000e-01 
 3.40000000e-01  3.40000000e-01 
 3.41000000e-01  3.41000000e-01 
 3.42000000e-01  3.42000000e-01 
 3.43000000e-01  3.43000000e-01 
 3.44000000e-01  3.44000000e-01 
 3.45000000e-01  3.45000000e-01 
 3.46000000e-01  3.46000000e-01 
 3.47000000e-01  3.47000000e-01 
 3.48000000e-01  3.48000000e-01 
 3.49000000e-01  3.49000000e-01 
 3.50000000e-01  3.50000000e-01 
 3.51000000e-01  3.51000000e-01 
 3.52000000e-01  3.52000000e-01 
 3.53000000e-01  3.53000000e-01 
 3.54000000e-01  3.54000000e-01 
 3.55000000e-01  3.55000000e-01 
 3.56000000e-01  3.56000000e-01 
 3.57000000e-01  3.57000000e-01 
 3.58000000e-01  3.58000000e-01 
 3.59000000e-01  3.59000000e-01 
 3.60000000e-01  3.60000000e-01 
 3.61000000e-01  3.61000000e-01 
 3.62000000e-01  3.62000000e-01 
 3.63000000e-01  3.63000000e-01 
 3.64000000e-01  3.64000000e-01 
 3.65000000e-01  3.65000000e-01 
 3.66000000e-01  3.66000000e-01 
 3.67000000e-01  3.67000000e-01 
 3.68000000e-01  3.68000000e-01 
 3.69000000e-01  3.69000000e-01 
 3.70000000e-01  3.70000000e-01 
 3.71000000e-01  3.71000000e-01 
 3.72000000e-01  3.72000000e-01 
 3.73000000e-01  3.73000000e-01 
 3.74000000e-01  3.74000000e-01 
 3.75000000e-01  3.75000000e-01 
 3.76000000e-01  3.76000000e-01 
 3.77000000e-01  3.77000000e-01 
 3.78000000e-01  3.78000000e-01 
 3.79000000e-01  3.79000000e-01 
 3.80000000e-01  3.80000000e-01 
 3.81000000e-01  3.81000000e-01 
 3.82000000e-01  3.82000000e-01 
 3.83000000e-01  3.83000000e-01 
 3.84000000e-01  3.84000000e-01 
 3.85000000e-01  3.85000000e-01 
 3.86000000e-01  3.86000000e-01 
 3.87000000e-01  3.87000000e-01 
 3.88000000e-01  3.88000000e-01 
 3.89000000e-01  3.89000000e-01 
 3.90000000e-01  3.90000000e-01 
 3.91000000e-01  3.91000000e-01 
 3.92000000e-01  3.92000000e-01 
 3.93000000e-01  3.93000000e-01 
 3.94000000e-01  3.94000000e-01 
 3.95000000e-01  3.95000000e-01 
 3.96000000e-01  3.96000000e-01 
 3.97000000e-01  3.97000000e-01 
 3.98000000e-01  3.98000000e-01 
 3.99000000e-01  3.99000000e-01 
 4.00000000e-01  4.00000000e-01 
 4.01000000e-01  4.01000000e-01 
 4.02000000e-01  4.02000000e-01 
 4.03000000e-01  4.03000000e-01 
 4.04000000e-01  4.04000000e-01 
 4.05000000e-01  4.05000000e-01 
 4.06000000e-01  4.06000000e-01 
 4.07000000e-01  4.07000000e-01 
 4.08000000e-01  4.08000000e-01 
 4.09000000e-01  4.09000000e-01 
 4.10000000e-01  4.10000000e-01 
 4.11000000e-01  4.11000000e-01 
 4.12000000e-01  4.12000000e-01 
 4.13000000e-01  4.13000000e-01 
 4.14000000e-01  4.14000000e-01 
 4.15000000e-01  4.15000000e-01 
 4.16000000e-01  4.16000000e-01 
 4.17000000e-01  4.17000000e-01 
 4.18000000e-01  4.18000000e-01 
 4.19000000e-01  4.19000000e-01 
 4.20000000e-01  4.20000000e-01 
 4.21000000e-01  4.21000000e-01 
 4.22000000e-01  4.22000000e-01 
 4.23000000e-01  4.23000000e-01 
 4.24000000e-01  4.24000000e-01 
 4.25000000e-01  4.25000000e-01 
 4.26000000e-01  4.26000000e-01 
 4.27000000e-01  4.27000000e-01 
 4.28000000e-01  4.28000000e-01 
 4.29000000e-01  4.29000000e-01 
 4.30000000e-01  4.30000000e-01 
 4.31000000e-01  4.31000000e-01 
 4.32000000e-01  4.32000000e-01 
 4.33000000e-01  4.33000000e-01 
 4.34000000e-01  4.34000000e-01 
 4.35000000e-01  4.35000000e-01 
 4.36000000e-01  4.36000000e-01 
 4.37000000e-01  4.37000000e-01 
 4.38000000e-01  4.38000000e-01 
 4.39000000e-01  4.39000000e-01 
 4.40000000e-01  4.40000000e-01 
 4.41000000e-01  4.41000000e-01 
 4.42000000e-01  4.42000000e-01 
 4.43000000e-01  4.43000000e-01 
 4.44000000e-01  4.44000000e-01 
 4.45000000e-01  4.45000000e-01 
 4.46000000e-01  4.46000000e-01 
 4.47000000e-01  4.47000000e-01 
 4.48000000e-01  4.48000000e-01 
 4.49000000e-01  4.49000000e-01 
 4.50000000e-01  4.50000000e-01 
 4.51000000e-01  4.51000000e-01 
 4.52000000e-01  4.52000000e-01 
 4.53000000e-01  4.53000000e-01 
 4.54000000e-01  4.54000000e-01 
 4.55000000e-01  4.55000000e-01 
 4.56000000e-01  4.56000000e-01 
 4.57000000e-01  4.57000000e-01 
 4.58000000e-01  4.58000000e-01 
 4.59000000e-01  4.59000000e-01 
 4.60000000e-01  4.60000000e-01 
 4.61000000e-01  4.61000000e-01 
 4.62000000e-01  4.62000000e-01 
 4.63000000e-01  4.63000000e-01 
 4.64000000e-01  4.64000000e-01 
 4.65000000e-01  4.65000000e-01 
 4.66000000e-01  4.66000000e-01 
 4.67000000e-01  4.67000000e-01 
 4.68000000e-01  4.68000000e-01 
 4.69000000e-01  4.69000000e-01 
 4.70000000e-01  4.70000000e-01 
 4.71000000e-01  4.71000000e-01 
 4.72000000e-01  4.72000000e-01 
 4.73000000e-01  4.73000000e-01 
 4.74000000e-01  4.74000000e-01 
 4.75000000e-01  4.75000000e-01 
 4.76000000e-01  4.76000000e-01 
 4.77000000e-01  4.77000000e-01 
 4.78000000e-01  4.78000000e-01 
 4.79000000e-01  4.79000000e-01 
 4.80000000e-01  4.80000000e-01 
 4.81000000e-01  4.81000000e-01 
 4.82000000e-01  4.82000000e-01 
 4.83000000e-01  4.83000000e-01 
 4.84000000e-01  4.84000000e-01 
 4.85000000e-01  4.85000000e-01 
 4.86000000e-01  4.86000000e-01 
 4.87000000e-01  4.87000000e-01 
 4.88000000e-01  4.88000000e-01 
 4.89000000e-01  4.89000000e-01 
 4.90000000e-01  4.90000000e-01 
 4.91000000e-01  4.91000000e-01 
 4.92000000e-01  4.92000000e-01 
 4.93000000e-01  4.93000000e-01 
 4.94000000e-01  4.94000000e-01 
 4.95000000e-01  4.95000000e-01 
 4.96000000e-01  4.96000000e-01 
 4.97000000e-01  4.97000000e-01 
 4.98000000e-01  4.98000000e-01 
 4.99000000e-01  4.99000000e-01 
 5.00000000e-01  5.00000000e-01 
 5.01000000e-01  5.01000000e-01 
 5.02000000e-01  5.02000000e-01 
 5.03000000e-01  5.03000000e-01 
 5.04000000e-01  5.04000000e-01 
 5.05000000e-01  5.05000000e-01 
 5.06000000e-01  5.06000000e-01 
 5.07000000e-01  5.07000000e-01 
 5.08000000e-01  5.08000000e-01 
 5.09000000e-01  5.09000000e-01 
 5.10000000e-01  5.10000000e-01 
 5.11000000e-01  5.11000000e-01 
 5.12000000e-01  5.12000000e-01 
 5.13000000e-01  5.13000000e-01 
 5.14000000e-01  5.14000000e-01 
 5.15000000e-01  5.15000000e-01 
 5.16000000e-01  5.16000000e-01 
 5.17000000e-01  5.17000000e-01 
 5.18000000e-01  5.18000000e-01 
 5.19000000e-01  5.19000000e-01 
 5.20000000e-01  5.20000000e-01 
 5.21000000e-01  5.21000000e-01 
 5.22000000e-01  5.22000000e-01 
 5.23000000e-01  5.23000000e-01 
 5.24000000e-01  5.24000000e-01 
 5.25000000e-01  5.25000000e-01 
 5.26000000e-01  5.26000000e-01 
 5.27000000e-01  5.27000000e-01 
 5.28000000e-01  5.28000000e-01 
 5.29000000e-01  5.29000000e-01 
 5.30000000e-01  5.30000000e-01 
 5.31000000e-01  5.31000000e-01 
 5.32000000e-01  5.32000000e-01 
 5.33000000e-01  5.33000000e-01 
 5.34000000e-01  5.34000000e-01 
 5.35000000e-01  5.35000000e-01 
 5.36000000e-01  5.36000000e-01 
 5.37000000e-01  5.37000000e-01 
 5.38000000e-01  5.38000000e-01 
 5.39000000e-01  5.39000000e-01 
 5.40000000e-01  5.40000000e-01 
 5.41000000e-01  5.41000000e-01 
 5.42000000e-01  5.41999999e-01 
 5.43000000e-01  5.42999999e-01 
 5.44000000e-01  5.43999999e-01 
 5.45000000e-01  5.44999999e-01 
 5.46000000e-01  5.45999999e-01 
 5.47000000e-01  5.46999999e-01 
 5.48000000e-01  5.47999999e-01 
 5.49000000e-01  5.48999999e-01 
 5.50000000e-01  5.49999999e-01 
 5.51000000e-01  5.50999999e-01 
 5.52000000e-01  5.51999999e-01 
 5.53000000e-01  5.52999999e-01 
 5.54000000e-01  5.53999999e-01 
 5.55000000e-01  5.54999999e-01 
 5.56000000e-01  5.55999999e-01 
 5.57000000e-01  5.56999999e-01 
 5.58000000e-01  5.57999999e-01 
 5.59000000e-01  5.58999999e-01 
 5.60000000e-01  5.59999999e-01 
 5.61000000e-01  5.60999999e-01 
 5.62000000e-01  5.61999999e-01 
 5.63000000e-01  5.62999999e-01 
 5.64000000e-01  5.63999999e-01 
 5.65000000e-01  5.64999999e-01 
 5.66000000e-01  5.65999999e-01 
 5.67000000e-01  5.66999999e-01 
 5.68000000e-01  5.67999999e-01 
 5.69000000e-01  5.68999999e-01 
 5.70000000e-01  5.69999999e-01 
 5.71000000e-01  5.70999999e-01 
 5.72000000e-01  5.71999999e-01 
 5.73000000e-01  5.72999999e-01 
 5.74000000e-01  5.73999999e-01 
 5.75000000e-01  5.74999999e-01 
 5.76000000e-01  5.75999999e-01 
 5.77000000e-01  5.76999999e-01 
 5.78000000e-01  5.77999999e-01 
 5.79000000e-01  5.78999999e-01 
 5.80000000e-01  5.79999999e-01 
 5.81000000e-01  5.80999999e-01 
 5.82000000e-01  5.81999999e-01 
 5.83000000e-01  5.82999999e-01 
 5.84000000e-01  5.83999999e-01 
 5.85000000e-01  5.84999999e-01 
 5.86000000e-01  5.85999999e-01 
 5.87000000e-01  5.86999999e-01 
 5.88000000e-01  5.87999999e-01 
 5.89000000e-01  5.88999999e-01 
 5.90000000e-01  5.89999999e-01 
 5.91000000e-01  5.90999999e-01 
 5.92000000e-01  5.91999999e-01 
 5.93000000e-01  5.92999999e-01 
 5.94000000e-01  5.93999999e-01 
 5.95000000e-01  5.94999999e-01 
 5.96000000e-01  5.95999999e-01 
 5.97000000e-01  5.96999999e-01 
 5.98000000e-01  5.97999998e-01 
 5.99000000e-01  5.98999998e-01 
 6.00000000e-01  5.99999998e-01 
 6.01000000e-01  6.00999998e-01 
 6.02000000e-01  6.01999998e-01 
 6.03000000e-01  6.02999998e-01 
 6.04000000e-01  6.03999998e-01 
 6.05000000e-01  6.04999998e-01 
 6.06000000e-01  6.05999998e-01 
 6.07000000e-01  6.06999998e-01 
 6.08000000e-01  6.07999998e-01 
 6.09000000e-01  6.08999998e-01 
 6.10000000e-01  6.09999998e-01 
 6.11000000e-01  6.10999998e-01 
 6.12000000e-01  6.11999998e-01 
 6.13000000e-01  6.12999998e-01 
 6.14000000e-01  6.13999998e-01 
 6.15000000e-01  6.14999998e-01 
 6.16000000e-01  6.15999998e-01 
 6.17000000e-01  6.16999998e-01 
 6.18000000e-01  6.17999998e-01 
 6.19000000e-01  6.18999998e-01 
 6.20000000e-01  6.19999998e-01 
 6.21000000e-01  6.20999998e-01 
 6.22000000e-01  6.21999998e-01 
 6.23000000e-01  6.22999998e-01 
 6.24000000e-01  6.23999998e-01 
 6.25000000e-01  6.24999998e-01 
 6.26000000e-01  6.25999997e-01 
 6.27000000e-01  6.26999997e-01 
 6.28000000e-01  6.27999997e-01 
 6.29000000e-01  6.28999997e-01 
 6.30000000e-01  6.29999997e-01 
 6.31000000e-01  6.30999997e-01 
 6.32000000e-01  6.31999997e-01 
 6.33000000e-01  6.32999997e-01 
 6.34000000e-01  6.33999997e-01 
 6.35000000e-01  6.34999997e-01 
 6.36000000e-01  6.35999997e-01 
 6.37000000e-01  6.36999997e-01 
 6.38000000e-01  6.37999997e-01 
 6.39000000e-01  6.38999997e-01 
 6.40000000e-01  6.39999997e-01 
 6.41000000e-01  6.40999997e-01 
 6.42000000e-01  6.41999997e-01 
 6.43000000e-01  6.42999997e-01 
 6.44000000e-01  6.43999997e-01 
 6.45000000e-01  6.44999996e-01 
 6.46000000e-01  6.45999996e-01 
 6.47000000e-01  6.46999996e-01 
 6.48000000e-01  6.47999996e-01 
 6.49000000e-01  6.48999996e-01 
 6.50000000e-01  6.49999996e-01 
 6.51000000e-01  6.50999996e-01 
 6.52000000e-01  6.51999996e-01 
 6.53000000e-01  6.52999996e-01 
 6.54000000e-01  6.53999996e-01 
 6.55000000e-01  6.54999996e-01 
 6.56000000e-01  6.55999996e-01 
 6.57000000e-01  6.56999996e-01 
 6.58000000e-01  6.57999996e-01 
 6.59000000e-01  6.58999996e-01 
 6.60000000e-01  6.59999995e-01 
 6.61000000e-01  6.60999995e-01 
 6.62000000e-01  6.61999995e-01 
 6.63000000e-01  6.62999995e-01 
 6.64000000e-01  6.63999995e-01 
 6.65000000e-01  6.64999995e-01 
 6.66000000e-01  6.65999995e-01 
 6.67000000e-01  6.66999995e-01 
 6.68000000e-01  6.67999995e-01 
 6.69000000e-01  6.68999995e-01 
 6.70000000e-01  6.69999995e-01 
 6.71000000e-01  6.70999995e-01 
 6.72000000e-01  6.71999994e-01 
 6.73000000e-01  6.72999994e-01 
 6.74000000e-01  6.73999994e-01 
 6.75000000e-01  6.74999994e-01 
 6.76000000e-01  6.75999994e-01 
 6.77000000e-01  6.76999994e-01 
 6.78000000e-01  6.77999994e-01 
 6.79000000e-01  6.78999994e-01 
 6.80000000e-01  6.79999994e-01 
 6.81000000e-01  6.80999994e-01 
 6.82000000e-01  6.81999993e-01 
 6.83000000e-01  6.82999993e-01 
 6.84000000e-01  6.83999993e-01 
 6.85000000e-01  6.84999993e-01 
 6.86000000e-01  6.85999993e-01 
 6.87000000e-01  6.86999993e-01 
 6.88000000e-01  6.87999993e-01 
 6.89000000e-01  6.88999993e-01 
 6.90000000e-01  6.89999993e-01 
 6.91000000e-01  6.90999992e-01 
 6.92000000e-01  6.91999992e-01 
 6.93000000e-01  6.92999992e-01 
 6.94000000e-01  6.93999992e-01 
 6.95000000e-01  6.94999992e-01 
 6.96000000e-01  6.95999992e-01 
 6.97000000e-01  6.96999992e-01 
 6.98000000e-01  6.97999992e-01 
 6.99000000e-01  6.98999991e-01 
 7.00000000e-01  6.99999991e-01 
 7.01000000e-01  7.00999991e-01 
 7.02000000e-01  7.01999991e-01 
 7.03000000e-01  7.02999991e-01 
 7.04000000e-01  7.03999991e-01 
 7.05000000e-01  7.04999991e-01 
 7.06000000e-01  7.05999990e-01 
 7.07000000e-01  7.06999990e-01 
 7.08000000e-01  7.07999990e-01 
 7.09000000e-01  7.08999990e-01 
 7.10000000e-01  7.09999990e-01 
 7.11000000e-01  7.10999990e-01 
 7.12000000e-01  7.11999989e-01 
 7.13000000e-01  7.12999989e-01 
 7.14000000e-01  7.13999989e-01 
 7.15000000e-01  7.14999989e-01 
 7.16000000e-01  7.15999989e-01 
 7.17000000e-01  7.16999988e-01 
 7.18000000e-01  7.17999988e-01 
 7.19000000e-01  7.18999988e-01 
 7.20000000e-01  7.19999988e-01 
 7.21000000e-01  7.20999988e-01 
 7.22000000e-01  7.21999988e-01 
 7.23000000e-01  7.22999987e-01 
 7.24000000e-01  7.23999987e-01 
 7.25000000e-01  7.24999987e-01 
 7.26000000e-01  7.25999987e-01 
 7.27000000e-01  7.26999986e-01 
 7.28000000e-01  7.27999986e-01 
 7.29000000e-01  7.28999986e-01 
 7.30000000e-01  7.29999986e-01 
 7.31000000e-01  7.30999986e-01 
 7.32000000e-01  7.31999985e-01 
 7.33000000e-01  7.32999985e-01 
 7.34000000e-01  7.33999985e-01 
 7.35000000e-01  7.34999985e-01 
 7.36000000e-01  7.35999984e-01 
 7.37000000e-01  7.36999984e-01 
 7.38000000e-01  7.37999984e-01 
 7.39000000e-01  7.38999984e-01 
 7.40000000e-01  7.39999983e-01 
 7.41000000e-01  7.40999983e-01 
 7.42000000e-01  7.41999983e-01 
 7.43000000e-01  7.42999982e-01 
 7.44000000e-01  7.43999982e-01 
 7.45000000e-01  7.44999982e-01 
 7.46000000e-01  7.45999982e-01 
 7.47000000e-01  7.46999981e-01 
 7.48000000e-01  7.47999981e-01 
 7.49000000e-01  7.48999981e-01 
 7.50000000e-01  7.49999980e-01 
 7.51000000e-01  7.50999980e-01 
 7.52000000e-01  7.51999980e-01 
 7.53000000e-01  7.52999979e-01 
 7.54000000e-01  7.53999979e-01 
 7.55000000e-01  7.54999979e-01 
 7.56000000e-01  7.55999978e-01 
 7.57000000e-01  7.56999978e-01 
 7.58000000e-01  7.57999978e-01 
 7.59000000e-01  7.58999977e-01 
 7.60000000e-01  7.59999977e-01 
 7.61000000e-01  7.60999977e-01 
 7.62000000e-01  7.61999976e-01 
 7.63000000e-01  7.62999976e-01 
 7.64000000e-01  7.63999975e-01 
 7.65000000e-01  7.64999975e-01 
 7.66000000e-01  7.65999975e-01 
 7.67000000e-01  7.66999974e-01 
 7.68000000e-01  7.67999974e-01 
 7.69000000e-01  7.68999973e-01 
 7.70000000e-01  7.69999973e-01 
 7.71000000e-01  7.70999973e-01 
 7.72000000e-01  7.71999972e-01 
 7.73000000e-01  7.72999972e-01 
 7.74000000e-01  7.73999971e-01 
 7.75000000e-01  7.74999971e-01 
 7.76000000e-01  7.75999970e-01 
 7.77000000e-01  7.76999970e-01 
 7.78000000e-01  7.77999969e-01 
 7.79000000e-01  7.78999969e-01 
 7.80000000e-01  7.79999968e-01 
 7.81000000e-01  7.80999968e-01 
 7.82000000e-01  7.81999967e-01 
 7.83000000e-01  7.82999967e-01 
 7.84000000e-01  7.83999966e-01 
 7.85000000e-01  7.84999966e-01 
 7.86000000e-01  7.85999965e-01 
 7.87000000e-01  7.86999965e-01 
 7.88000000e-01  7.87999964e-01 
 7.89000000e-01  7.88999963e-01 
 7.90000000e-01  7.89999963e-01 
 7.91000000e-01  7.90999962e-01 
 7.92000000e-01  7.91999962e-01 
 7.93000000e-01  7.92999961e-01 
 7.94000000e-01  7.93999960e-01 
 7.95000000e-01  7.94999960e-01 
 7.96000000e-01  7.95999959e-01 
 7.97000000e-01  7.96999958e-01 
 7.98000000e-01  7.97999958e-01 
 7.99000000e-01  7.98999957e-01 
 8.00000000e-01  7.99999956e-01 
 8.01000000e-01  8.00999956e-01 
 8.02000000e-01  8.01999955e-01 
 8.03000000e-01  8.02999954e-01 
 8.04000000e-01  8.03999953e-01 
 8.05000000e-01  8.04999953e-01 
 8.06000000e-01  8.05999952e-01 
 8.07000000e-01  8.06999951e-01 
 8.08000000e-01  8.07999950e-01 
 8.09000000e-01  8.08999950e-01 
 8.10000000e-01  8.09999949e-01 
 8.11000000e-01  8.10999948e-01 
 8.12000000e-01  8.11999947e-01 
 8.13000000e-01  8.12999946e-01 
 8.14000000e-01  8.13999945e-01 
 8.15000000e-01  8.14999944e-01 
 8.16000000e-01  8.15999944e-01 
 8.17000000e-01  8.16999943e-01 
 8.18000000e-01  8.17999942e-01 
 8.19000000e-01  8.18999941e-01 
 8.20000000e-01  8.19999940e-01 
 8.21000000e-01  8.20999939e-01 
 8.22000000e-01  8.21999938e-01 
 8.23000000e-01  8.22999937e-01 
 8.24000000e-01  8.23999936e-01 
 8.25000000e-01  8.24999935e-01 
 8.26000000e-01  8.25999934e-01 
 8.27000000e-01  8.26999933e-01 
 8.28000000e-01  8.27999932e-01 
 8.29000000e-01  8.28999931e-01 
 8.30000000e-01  8.29999930e-01 
 8.31000000e-01  8.30999928e-01 
 8.32000000e-01  8.31999927e-01 
 8.33000000e-01  8.32999926e-01 
 8.34000000e-01  8.33999925e-01 
 8.35000000e-01  8.34999924e-01 
 8.36000000e-01  8.35999922e-01 
 8.37000000e-01  8.36999921e-01 
 8.38000000e-01  8.37999920e-01 
 8.39000000e-01  8.38999919e-01 
 8.40000000e-01  8.39999917e-01 
 8.41000000e-01  8.40999916e-01 
 8.42000000e-01  8.41999915e-01 
 8.43000000e-01  8.42999913e-01 
 8.44000000e-01  8.43999912e-01 
 8.45000000e-01  8.44999911e-01 
 8.46000000e-01  8.45999909e-01 
 8.47000000e-01  8.46999908e-01 
 8.48000000e-01  8.47999906e-01 
 8.49000000e-01  8.48999905e-01 
 8.50000000e-01  8.49999903e-01 
 8.51000000e-01  8.50999902e-01 
 8.52000000e-01  8.51999900e-01 
 8.53000000e-01  8.52999899e-01 
 8.54000000e-01  8.53999897e-01 
 8.55000000e-01  8.54999896e-01 
 8.56000000e-01  8.55999894e-01 
 8.57000000e-01  8.56999892e-01 
 8.58000000e-01  8.57999891e-01 
 8.59000000e-01  8.58999889e-01 
 8.60000000e-01  8.59999887e-01 
 8.61000000e-01  8.60999885e-01 
 8.62000000e-01  8.61999884e-01 
 8.63000000e-01  8.62999882e-01 
 8.64000000e-01  8.63999880e-01 
 8.65000000e-01  8.64999878e-01 
 8.66000000e-01  8.65999876e-01 
 8.67000000e-01  8.66999874e-01 
 8.68000000e-01  8.67999872e-01 
 8.69000000e-01  8.68999870e-01 
 8.70000000e-01  8.69999868e-01 
 8.71000000e-01  8.70999866e-01 
 8.72000000e-01  8.71999864e-01 
 8.73000000e-01  8.72999862e-01 
 8.74000000e-01  8.73999860e-01 
 8.75000000e-01  8.74999858e-01 
 8.76000000e-01  8.75999856e-01 
 8.77000000e-01  8.76999853e-01 
 8.78000000e-01  8.77999851e-01 
 8.79000000e-01  8.78999849e-01 
 8.80000000e-01  8.79999847e-01 
 8.81000000e-01  8.80999844e-01 
 8.82000000e-01  8.81999842e-01 
 8.83000000e-01  8.82999840e-01 
 8.84000000e-01  8.83999837e-01 
 8.85000000e-01  8.84999835e-01 
 8.86000000e-01  8.85999832e-01 
 8.87000000e-01  8.86999830e-01 
 8.88000000e-01  8.87999827e-01 
 8.89000000e-01  8.88999825e-01 
 8.90000000e-01  8.89999822e-01 
 8.91000000e-01  8.90999819e-01 
 8.92000000e-01  8.91999817e-01 
 8.93000000e-01  8.92999814e-01 
 8.94000000e-01  8.93999811e-01 
 8.95000000e-01  8.94999808e-01 
 8.96000000e-01  8.95999805e-01 
 8.97000000e-01  8.96999803e-01 
 8.98000000e-01  8.97999800e-01 
 8.99000000e-01  8.98999797e-01 
 9.00000000e-01  8.99999794e-01 
 9.01000000e-01  9.00999791e-01 
 9.02000000e-01  9.01999788e-01 
 9.03000000e-01  9.02999785e-01 
 9.04000000e-01  9.03999782e-01 
 9.05000000e-01  9.04999778e-01 
 9.06000000e-01  9.05999775e-01 
 9.07000000e-01  9.06999772e-01 
 9.08000000e-01  9.07999769e-01 
 9.09000000e-01  9.08999765e-01 
 9.10000000e-01  9.09999762e-01 
 9.11000000e-01  9.10999759e-01 
 9.12000000e-01  9.11999755e-01 
 9.13000000e-01  9.12999752e-01 
 9.14000000e-01  9.13999748e-01 
 9.15000000e-01  9.14999745e-01 
 9.16000000e-01  9.15999741e-01 
 9.17000000e-01  9.16999737e-01 
 9.18000000e-01  9.17999734e-01 
 9.19000000e-01  9.18999730e-01 
 9.20000000e-01  9.19999726e-01 
 9.21000000e-01  9.20999722e-01 
 9.22000000e-01  9.21999718e-01 
 9.23000000e-01  9.22999714e-01 
 9.24000000e-01  9.23999711e-01 
 9.25000000e-01  9.24999707e-01 
 9.26000000e-01  9.25999703e-01 
 9.27000000e-01  9.26999698e-01 
 9.28000000e-01  9.27999694e-01 
 9.29000000e-01  9.28999690e-01 
 9.30000000e-01  9.29999686e-01 
 9.31000000e-01  9.30999682e-01 
 9.32000000e-01  9.31999677e-01 
 9.33000000e-01  9.32999673e-01 
 9.34000000e-01  9.33999669e-01 
 9.35000000e-01  9.34999664e-01 
 9.36000000e-01  9.35999660e-01 
 9.37000000e-01  9.36999655e-01 
 9.38000000e-01  9.37999651e-01 
 9.39000000e-01  9.38999646e-01 
 9.40000000e-01  9.39999641e-01 
 9.41000000e-01  9.40999636e-01 
 9.42000000e-01  9.41999632e-01 
 9.43000000e-01  9.42999627e-01 
 9.44000000e-01  9.43999622e-01 
 9.45000000e-01  9.44999617e-01 
 9.46000000e-01  9.45999612e-01 
 9.47000000e-01  9.46999607e-01 
 9.48000000e-01  9.47999602e-01 
 9.49000000e-01  9.48999597e-01 
 9.50000000e-01  9.49999592e-01 
 9.51000000e-01  9.50999587e-01 
 9.52000000e-01  9.51999581e-01 
 9.53000000e-01  9.52999576e-01 
 9.54000000e-01  9.53999571e-01 
 9.55000000e-01  9.54999565e-01 
 9.56000000e-01  9.55999560e-01 
 9.57000000e-01  9.56999554e-01 
 9.58000000e-01  9.57999549e-01 
 9.59000000e-01  9.58999543e-01 
 9.60000000e-01  9.59999537e-01 
 9.61000000e-01  9.60999532e-01 
 9.62000000e-01  9.61999526e-01 
 9.63000000e-01  9.62999520e-01 
 9.64000000e-01  9.63999514e-01 
 9.65000000e-01  9.64999508e-01 
 9.66000000e-01  9.65999502e-01 
 9.67000000e-01  9.66999496e-01 
 9.68000000e-01  9.67999490e-01 
 9.69000000e-01  9.68999484e-01 
 9.70000000e-01  9.69999478e-01 
 9.71000000e-01  9.70999472e-01 
 9.72000000e-01  9.71999465e-01 
 9.73000000e-01  9.72999459e-01 
 9.74000000e-01  9.73999452e-01 
 9.75000000e-01  9.74999446e-01 
 9.76000000e-01  9.75999439e-01 
 9.77000000e-01  9.76999433e-01 
 9.78000000e-01  9.77999426e-01 
 9.79000000e-01  9.78999420e-01 
 9.80000000e-01  9.79999413e-01 
 9.81000000e-01  9.80999406e-01 
 9.82000000e-01  9.81999399e-01 
 9.83000000e-01  9.82999392e-01 
 9.84000000e-01  9.83999385e-01 
 9.85000000e-01  9.84999378e-01 
 9.86000000e-01  9.85999371e-01 
 9.87000000e-01  9.86999364e-01 
 9.88000000e-01  9.87999357e-01 
 9.89000000e-01  9.88999350e-01 
 9.90000000e-01  9.89999343e-01 
 9.91000000e-01  9.90999335e-01 
 9.92000000e-01  9.91999328e-01 
 9.93000000e-01  9.92999320e-01 
 9.94000000e-01  9.93999313e-01 
 9.95000000e-01  9.94999305e-01 
 9.96000000e-01  9.95999298e-01 
 9.97000000e-01  9.96999290e-01 
 9.98000000e-01  9.97999282e-01 
 9.99000000e-01  9.98999275e-01 
 1.00000000e+00  9.99999267e-01 
