 0.00000000e+00  1.55982308e+04 
 1.00000000e-03  1.59983442e+04 
 2.00000000e-03  1.64086554e+04 
 3.00000000e-03  1.68294222e+04 
 4.00000000e-03  1.72609092e+04 
 5.00000000e-03  1.77033874e+04 
 6.00000000e-03  1.81571345e+04 
 7.00000000e-03  1.86224355e+04 
 8.00000000e-03  1.90995821e+04 
 9.00000000e-03  1.95888737e+04 
 1.00000000e-02  2.00906170e+04 
 1.10000000e-02  2.06051263e+04 
 1.20000000e-02  2.11327240e+04 
 1.30000000e-02  2.16737402e+04 
 1.40000000e-02  2.22285137e+04 
 1.50000000e-02  2.27973914e+04 
 1.60000000e-02  2.33807291e+04 
 1.70000000e-02  2.39788913e+04 
 1.80000000e-02  2.45922517e+04 
 1.90000000e-02  2.52211935e+04 
 2.00000000e-02  2.58661091e+04 
 2.10000000e-02  2.65274009e+04 
 2.20000000e-02  2.72054815e+04 
 2.30000000e-02  2.79007735e+04 
 2.40000000e-02  2.86137101e+04 
 2.50000000e-02  2.93447354e+04 
 2.60000000e-02  3.00943045e+04 
 2.70000000e-02  3.08628839e+04 
 2.80000000e-02  3.16509516e+04 
 2.90000000e-02  3.24589977e+04 
 3.00000000e-02  3.32875242e+04 
 3.10000000e-02  3.41370459e+04 
 3.20000000e-02  3.50080901e+04 
 3.30000000e-02  3.59011976e+04 
 3.40000000e-02  3.68169223e+04 
 3.50000000e-02  3.77558319e+04 
 3.60000000e-02  3.87185085e+04 
 3.70000000e-02  3.97055483e+04 
 3.80000000e-02  4.07175626e+04 
 3.90000000e-02  4.17551776e+04 
 4.00000000e-02  4.28190352e+04 
 4.10000000e-02  4.39097933e+04 
 4.20000000e-02  4.50281259e+04 
 4.30000000e-02  4.61747239e+04 
 4.40000000e-02  4.73502952e+04 
 4.50000000e-02  4.85555654e+04 
 4.60000000e-02  4.97912779e+04 
 4.70000000e-02  5.10581947e+04 
 4.80000000e-02  5.23570964e+04 
 4.90000000e-02  5.36887831e+04 
 5.00000000e-02  5.50540747e+04 
 5.10000000e-02  5.64538113e+04 
 5.20000000e-02  5.78888540e+04 
 5.30000000e-02  5.93600848e+04 
 5.40000000e-02  6.08684078e+04 
 5.50000000e-02  6.24147493e+04 
 5.60000000e-02  6.40000585e+04 
 5.70000000e-02  6.56253082e+04 
 5.80000000e-02  6.72914948e+04 
 5.90000000e-02  6.89996398e+04 
 6.00000000e-02  7.07507895e+04 
 6.10000000e-02  7.25460161e+04 
 6.20000000e-02  7.43864184e+04 
 6.30000000e-02  7.62731221e+04 
 6.40000000e-02  7.82072806e+04 
 6.50000000e-02  8.01900759e+04 
 6.60000000e-02  8.22227189e+04 
 6.70000000e-02  8.43064504e+04 
 6.80000000e-02  8.64425416e+04 
 6.90000000e-02  8.86322952e+04 
 7.00000000e-02  9.08770458e+04 
 7.10000000e-02  9.31781608e+04 
 7.20000000e-02  9.55370411e+04 
 7.30000000e-02  9.79551221e+04 
 7.40000000e-02  1.00433875e+05 
 7.50000000e-02  1.02974805e+05 
 7.60000000e-02  1.05579458e+05 
 7.70000000e-02  1.08249414e+05 
 7.80000000e-02  1.10986293e+05 
 7.90000000e-02  1.13791757e+05 
 8.00000000e-02  1.16667505e+05 
 8.10000000e-02  1.19615281e+05 
 8.20000000e-02  1.22636868e+05 
 8.30000000e-02  1.25734097e+05 
 8.40000000e-02  1.28908840e+05 
 8.50000000e-02  1.32163017e+05 
 8.60000000e-02  1.35498594e+05 
 8.70000000e-02  1.38917586e+05 
 8.80000000e-02  1.42422056e+05 
 8.90000000e-02  1.46014118e+05 
 9.00000000e-02  1.49695938e+05 
 9.10000000e-02  1.53469734e+05 
 9.20000000e-02  1.57337780e+05 
 9.30000000e-02  1.61302403e+05 
 9.40000000e-02  1.65365987e+05 
 9.50000000e-02  1.69530977e+05 
 9.60000000e-02  1.73799874e+05 
 9.70000000e-02  1.78175243e+05 
 9.80000000e-02  1.82659708e+05 
 9.90000000e-02  1.87255960e+05 
 1.00000000e-01  1.91966754e+05 
 1.01000000e-01  1.96794913e+05 
 1.02000000e-01  2.01743327e+05 
 1.03000000e-01  2.06814958e+05 
 1.04000000e-01  2.12012839e+05 
 1.05000000e-01  2.17340077e+05 
 1.06000000e-01  2.22799854e+05 
 1.07000000e-01  2.28395429e+05 
 1.08000000e-01  2.34130142e+05 
 1.09000000e-01  2.40007412e+05 
 1.10000000e-01  2.46030742e+05 
 1.11000000e-01  2.52203718e+05 
 1.12000000e-01  2.58530016e+05 
 1.13000000e-01  2.65013398e+05 
 1.14000000e-01  2.71657720e+05 
 1.15000000e-01  2.78466929e+05 
 1.16000000e-01  2.85445068e+05 
 1.17000000e-01  2.92596278e+05 
 1.18000000e-01  2.99924801e+05 
 1.19000000e-01  3.07434980e+05 
 1.20000000e-01  3.15131263e+05 
 1.21000000e-01  3.23018207e+05 
 1.22000000e-01  3.31100478e+05 
 1.23000000e-01  3.39382854e+05 
 1.24000000e-01  3.47870229e+05 
 1.25000000e-01  3.56567615e+05 
 1.26000000e-01  3.65480145e+05 
 1.27000000e-01  3.74613074e+05 
 1.28000000e-01  3.83971786e+05 
 1.29000000e-01  3.93561793e+05 
 1.30000000e-01  4.03388740e+05 
 1.31000000e-01  4.13458408e+05 
 1.32000000e-01  4.23776717e+05 
 1.33000000e-01  4.34349729e+05 
 1.34000000e-01  4.45183652e+05 
 1.35000000e-01  4.56284843e+05 
 1.36000000e-01  4.67659811e+05 
 1.37000000e-01  4.79315223e+05 
 1.38000000e-01  4.91257903e+05 
 1.39000000e-01  5.03494842e+05 
 1.40000000e-01  5.16033196e+05 
 1.41000000e-01  5.28880294e+05 
 1.42000000e-01  5.42043639e+05 
 1.43000000e-01  5.55530915e+05 
 1.44000000e-01  5.69349990e+05 
 1.45000000e-01  5.83508919e+05 
 1.46000000e-01  5.98015950e+05 
 1.47000000e-01  6.12879530e+05 
 1.48000000e-01  6.28108305e+05 
 1.49000000e-01  6.43711128e+05 
 1.50000000e-01  6.59697066e+05 
 1.51000000e-01  6.76075400e+05 
 1.52000000e-01  6.92855632e+05 
 1.53000000e-01  7.10047492e+05 
 1.54000000e-01  7.27660942e+05 
 1.55000000e-01  7.45706180e+05 
 1.56000000e-01  7.64193647e+05 
 1.57000000e-01  7.83134035e+05 
 1.58000000e-01  8.02538287e+05 
 1.59000000e-01  8.22417608e+05 
 1.60000000e-01  8.42783470e+05 
 1.61000000e-01  8.63647616e+05 
 1.62000000e-01  8.85022070e+05 
 1.63000000e-01  9.06919139e+05 
 1.64000000e-01  9.29351425e+05 
 1.65000000e-01  9.52331826e+05 
 1.66000000e-01  9.75873548e+05 
 1.67000000e-01  9.99990109e+05 
 1.68000000e-01  1.02469535e+06 
 1.69000000e-01  1.05000343e+06 
 1.70000000e-01  1.07592886e+06 
 1.71000000e-01  1.10248649e+06 
 1.72000000e-01  1.12969149e+06 
 1.73000000e-01  1.15755945e+06 
 1.74000000e-01  1.18610627e+06 
 1.75000000e-01  1.21534825e+06 
 1.76000000e-01  1.24530208e+06 
 1.77000000e-01  1.27598484e+06 
 1.78000000e-01  1.30741401e+06 
 1.79000000e-01  1.33960748e+06 
 1.80000000e-01  1.37258356e+06 
 1.81000000e-01  1.40636101e+06 
 1.82000000e-01  1.44095900e+06 
 1.83000000e-01  1.47639719e+06 
 1.84000000e-01  1.51269566e+06 
 1.85000000e-01  1.54987500e+06 
 1.86000000e-01  1.58795626e+06 
 1.87000000e-01  1.62696100e+06 
 1.88000000e-01  1.66691127e+06 
 1.89000000e-01  1.70782965e+06 
 1.90000000e-01  1.74973924e+06 
 1.91000000e-01  1.79266370e+06 
 1.92000000e-01  1.83662723e+06 
 1.93000000e-01  1.88165459e+06 
 1.94000000e-01  1.92777114e+06 
 1.95000000e-01  1.97500282e+06 
 1.96000000e-01  2.02337618e+06 
 1.97000000e-01  2.07291838e+06 
 1.98000000e-01  2.12365725e+06 
 1.99000000e-01  2.17562122e+06 
 2.00000000e-01  2.22883943e+06 
 2.01000000e-01  2.28334168e+06 
 2.02000000e-01  2.33915845e+06 
 2.03000000e-01  2.39632096e+06 
 2.04000000e-01  2.45486113e+06 
 2.05000000e-01  2.51481165e+06 
 2.06000000e-01  2.57620596e+06 
 2.07000000e-01  2.63907827e+06 
 2.08000000e-01  2.70346360e+06 
 2.09000000e-01  2.76939777e+06 
 2.10000000e-01  2.83691744e+06 
 2.11000000e-01  2.90606013e+06 
 2.12000000e-01  2.97686421e+06 
 2.13000000e-01  3.04936896e+06 
 2.14000000e-01  3.12361456e+06 
 2.15000000e-01  3.19964213e+06 
 2.16000000e-01  3.27749373e+06 
 2.17000000e-01  3.35721241e+06 
 2.18000000e-01  3.43884221e+06 
 2.19000000e-01  3.52242817e+06 
 2.20000000e-01  3.60801640e+06 
 2.21000000e-01  3.69565406e+06 
 2.22000000e-01  3.78538941e+06 
 2.23000000e-01  3.87727181e+06 
 2.24000000e-01  3.97135176e+06 
 2.25000000e-01  4.06768094e+06 
 2.26000000e-01  4.16631221e+06 
 2.27000000e-01  4.26729964e+06 
 2.28000000e-01  4.37069856e+06 
 2.29000000e-01  4.47656557e+06 
 2.30000000e-01  4.58495856e+06 
 2.31000000e-01  4.69593676e+06 
 2.32000000e-01  4.80956076e+06 
 2.33000000e-01  4.92589254e+06 
 2.34000000e-01  5.04499550e+06 
 2.35000000e-01  5.16693449e+06 
 2.36000000e-01  5.29177587e+06 
 2.37000000e-01  5.41958749e+06 
 2.38000000e-01  5.55043876e+06 
 2.39000000e-01  5.68440070e+06 
 2.40000000e-01  5.82154591e+06 
 2.41000000e-01  5.96194870e+06 
 2.42000000e-01  6.10568505e+06 
 2.43000000e-01  6.25283267e+06 
 2.44000000e-01  6.40347105e+06 
 2.45000000e-01  6.55768149e+06 
 2.46000000e-01  6.71554715e+06 
 2.47000000e-01  6.87715308e+06 
 2.48000000e-01  7.04258625e+06 
 2.49000000e-01  7.21193564e+06 
 2.50000000e-01  7.38529222e+06 
 2.51000000e-01  7.56274904e+06 
 2.52000000e-01  7.74440126e+06 
 2.53000000e-01  7.93034621e+06 
 2.54000000e-01  8.12068340e+06 
 2.55000000e-01  8.31551463e+06 
 2.56000000e-01  8.51494397e+06 
 2.57000000e-01  8.71907787e+06 
 2.58000000e-01  8.92802517e+06 
 2.59000000e-01  9.14189718e+06 
 2.60000000e-01  9.36080771e+06 
 2.61000000e-01  9.58487317e+06 
 2.62000000e-01  9.81421255e+06 
 2.63000000e-01  1.00489476e+07 
 2.64000000e-01  1.02892026e+07 
 2.65000000e-01  1.05351050e+07 
 2.66000000e-01  1.07867847e+07 
 2.67000000e-01  1.10443749e+07 
 2.68000000e-01  1.13080115e+07 
 2.69000000e-01  1.15778335e+07 
 2.70000000e-01  1.18539833e+07 
 2.71000000e-01  1.21366060e+07 
 2.72000000e-01  1.24258504e+07 
 2.73000000e-01  1.27218683e+07 
 2.74000000e-01  1.30248152e+07 
 2.75000000e-01  1.33348498e+07 
 2.76000000e-01  1.36521345e+07 
 2.77000000e-01  1.39768353e+07 
 2.78000000e-01  1.43091218e+07 
 2.79000000e-01  1.46491676e+07 
 2.80000000e-01  1.49971499e+07 
 2.81000000e-01  1.53532499e+07 
 2.82000000e-01  1.57176531e+07 
 2.83000000e-01  1.60905488e+07 
 2.84000000e-01  1.64721305e+07 
 2.85000000e-01  1.68625963e+07 
 2.86000000e-01  1.72621484e+07 
 2.87000000e-01  1.76709935e+07 
 2.88000000e-01  1.80893430e+07 
 2.89000000e-01  1.85174129e+07 
 2.90000000e-01  1.89554240e+07 
 2.91000000e-01  1.94036019e+07 
 2.92000000e-01  1.98621772e+07 
 2.93000000e-01  2.03313857e+07 
 2.94000000e-01  2.08114681e+07 
 2.95000000e-01  2.13026708e+07 
 2.96000000e-01  2.18052452e+07 
 2.97000000e-01  2.23194486e+07 
 2.98000000e-01  2.28455435e+07 
 2.99000000e-01  2.33837986e+07 
 3.00000000e-01  2.39344882e+07 
 3.01000000e-01  2.44978927e+07 
 3.02000000e-01  2.50742986e+07 
 3.03000000e-01  2.56639987e+07 
 3.04000000e-01  2.62672920e+07 
 3.05000000e-01  2.68844843e+07 
 3.06000000e-01  2.75158878e+07 
 3.07000000e-01  2.81618217e+07 
 3.08000000e-01  2.88226119e+07 
 3.09000000e-01  2.94985917e+07 
 3.10000000e-01  3.01901013e+07 
 3.11000000e-01  3.08974884e+07 
 3.12000000e-01  3.16211082e+07 
 3.13000000e-01  3.23613238e+07 
 3.14000000e-01  3.31185057e+07 
 3.15000000e-01  3.38930327e+07 
 3.16000000e-01  3.46852917e+07 
 3.17000000e-01  3.54956780e+07 
 3.18000000e-01  3.63245953e+07 
 3.19000000e-01  3.71724559e+07 
 3.20000000e-01  3.80396812e+07 
 3.21000000e-01  3.89267014e+07 
 3.22000000e-01  3.98339560e+07 
 3.23000000e-01  4.07618938e+07 
 3.24000000e-01  4.17109734e+07 
 3.25000000e-01  4.26816631e+07 
 3.26000000e-01  4.36744410e+07 
 3.27000000e-01  4.46897957e+07 
 3.28000000e-01  4.57282259e+07 
 3.29000000e-01  4.67902411e+07 
 3.30000000e-01  4.78763615e+07 
 3.31000000e-01  4.89871183e+07 
 3.32000000e-01  5.01230542e+07 
 3.33000000e-01  5.12847230e+07 
 3.34000000e-01  5.24726904e+07 
 3.35000000e-01  5.36875341e+07 
 3.36000000e-01  5.49298439e+07 
 3.37000000e-01  5.62002219e+07 
 3.38000000e-01  5.74992831e+07 
 3.39000000e-01  5.88276552e+07 
 3.40000000e-01  6.01859791e+07 
 3.41000000e-01  6.15749092e+07 
 3.42000000e-01  6.29951135e+07 
 3.43000000e-01  6.44472742e+07 
 3.44000000e-01  6.59320873e+07 
 3.45000000e-01  6.74502636e+07 
 3.46000000e-01  6.90025288e+07 
 3.47000000e-01  7.05896233e+07 
 3.48000000e-01  7.22123032e+07 
 3.49000000e-01  7.38713402e+07 
 3.50000000e-01  7.55675219e+07 
 3.51000000e-01  7.73016521e+07 
 3.52000000e-01  7.90745515e+07 
 3.53000000e-01  8.08870575e+07 
 3.54000000e-01  8.27400247e+07 
 3.55000000e-01  8.46343254e+07 
 3.56000000e-01  8.65708499e+07 
 3.57000000e-01  8.85505065e+07 
 3.58000000e-01  9.05742222e+07 
 3.59000000e-01  9.26429432e+07 
 3.60000000e-01  9.47576346e+07 
 3.61000000e-01  9.69192815e+07 
 3.62000000e-01  9.91288890e+07 
 3.63000000e-01  1.01387483e+08 
 3.64000000e-01  1.03696109e+08 
 3.65000000e-01  1.06055835e+08 
 3.66000000e-01  1.08467750e+08 
 3.67000000e-01  1.10932965e+08 
 3.68000000e-01  1.13452615e+08 
 3.69000000e-01  1.16027855e+08 
 3.70000000e-01  1.18659865e+08 
 3.71000000e-01  1.21349849e+08 
 3.72000000e-01  1.24099035e+08 
 3.73000000e-01  1.26908674e+08 
 3.74000000e-01  1.29780045e+08 
 3.75000000e-01  1.32714449e+08 
 3.76000000e-01  1.35713216e+08 
 3.77000000e-01  1.38777702e+08 
 3.78000000e-01  1.41909288e+08 
 3.79000000e-01  1.45109384e+08 
 3.80000000e-01  1.48379429e+08 
 3.81000000e-01  1.51720888e+08 
 3.82000000e-01  1.55135257e+08 
 3.83000000e-01  1.58624060e+08 
 3.84000000e-01  1.62188852e+08 
 3.85000000e-01  1.65831220e+08 
 3.86000000e-01  1.69552779e+08 
 3.87000000e-01  1.73355177e+08 
 3.88000000e-01  1.77240097e+08 
 3.89000000e-01  1.81209250e+08 
 3.90000000e-01  1.85264386e+08 
 3.91000000e-01  1.89407283e+08 
 3.92000000e-01  1.93639760e+08 
 3.93000000e-01  1.97963666e+08 
 3.94000000e-01  2.02380890e+08 
 3.95000000e-01  2.06893354e+08 
 3.96000000e-01  2.11503021e+08 
 3.97000000e-01  2.16211888e+08 
 3.98000000e-01  2.21021995e+08 
 3.99000000e-01  2.25935418e+08 
 4.00000000e-01  2.30954273e+08 
 4.01000000e-01  2.36080719e+08 
 4.02000000e-01  2.41316955e+08 
 4.03000000e-01  2.46665222e+08 
 4.04000000e-01  2.52127805e+08 
 4.05000000e-01  2.57707031e+08 
 4.06000000e-01  2.63405272e+08 
 4.07000000e-01  2.69224947e+08 
 4.08000000e-01  2.75168519e+08 
 4.09000000e-01  2.81238499e+08 
 4.10000000e-01  2.87437444e+08 
 4.11000000e-01  2.93767962e+08 
 4.12000000e-01  3.00232708e+08 
 4.13000000e-01  3.06834389e+08 
 4.14000000e-01  3.13575763e+08 
 4.15000000e-01  3.20459638e+08 
 4.16000000e-01  3.27488877e+08 
 4.17000000e-01  3.34666397e+08 
 4.18000000e-01  3.41995168e+08 
 4.19000000e-01  3.49478217e+08 
 4.20000000e-01  3.57118627e+08 
 4.21000000e-01  3.64919541e+08 
 4.22000000e-01  3.72884157e+08 
 4.23000000e-01  3.81015736e+08 
 4.24000000e-01  3.89317597e+08 
 4.25000000e-01  3.97793125e+08 
 4.26000000e-01  4.06445763e+08 
 4.27000000e-01  4.15279021e+08 
 4.28000000e-01  4.24296473e+08 
 4.29000000e-01  4.33501761e+08 
 4.30000000e-01  4.42898593e+08 
 4.31000000e-01  4.52490746e+08 
 4.32000000e-01  4.62282065e+08 
 4.33000000e-01  4.72276470e+08 
 4.34000000e-01  4.82477950e+08 
 4.35000000e-01  4.92890569e+08 
 4.36000000e-01  5.03518465e+08 
 4.37000000e-01  5.14365852e+08 
 4.38000000e-01  5.25437023e+08 
 4.39000000e-01  5.36736349e+08 
 4.40000000e-01  5.48268279e+08 
 4.41000000e-01  5.60037348e+08 
 4.42000000e-01  5.72048169e+08 
 4.43000000e-01  5.84305444e+08 
 4.44000000e-01  5.96813957e+08 
 4.45000000e-01  6.09578582e+08 
 4.46000000e-01  6.22604282e+08 
 4.47000000e-01  6.35896108e+08 
 4.48000000e-01  6.49459206e+08 
 4.49000000e-01  6.63298812e+08 
 4.50000000e-01  6.77420262e+08 
 4.51000000e-01  6.91828985e+08 
 4.52000000e-01  7.06530511e+08 
 4.53000000e-01  7.21530468e+08 
 4.54000000e-01  7.36834588e+08 
 4.55000000e-01  7.52448706e+08 
 4.56000000e-01  7.68378763e+08 
 4.57000000e-01  7.84630806e+08 
 4.58000000e-01  8.01210995e+08 
 4.59000000e-01  8.18125596e+08 
 4.60000000e-01  8.35380992e+08 
 4.61000000e-01  8.52983680e+08 
 4.62000000e-01  8.70940273e+08 
 4.63000000e-01  8.89257505e+08 
 4.64000000e-01  9.07942229e+08 
 4.65000000e-01  9.27001422e+08 
 4.66000000e-01  9.46442187e+08 
 4.67000000e-01  9.66271753e+08 
 4.68000000e-01  9.86497479e+08 
 4.69000000e-01  1.00712686e+09 
 4.70000000e-01  1.02816751e+09 
 4.71000000e-01  1.04962720e+09 
 4.72000000e-01  1.07151383e+09 
 4.73000000e-01  1.09383544e+09 
 4.74000000e-01  1.11660020e+09 
 4.75000000e-01  1.13981646e+09 
 4.76000000e-01  1.16349268e+09 
 4.77000000e-01  1.18763750e+09 
 4.78000000e-01  1.21225969e+09 
 4.79000000e-01  1.23736819e+09 
 4.80000000e-01  1.26297210e+09 
 4.81000000e-01  1.28908066e+09 
 4.82000000e-01  1.31570329e+09 
 4.83000000e-01  1.34284958e+09 
 4.84000000e-01  1.37052928e+09 
 4.85000000e-01  1.39875230e+09 
 4.86000000e-01  1.42752874e+09 
 4.87000000e-01  1.45686887e+09 
 4.88000000e-01  1.48678314e+09 
 4.89000000e-01  1.51728218e+09 
 4.90000000e-01  1.54837680e+09 
 4.91000000e-01  1.58007801e+09 
 4.92000000e-01  1.61239700e+09 
 4.93000000e-01  1.64534514e+09 
 4.94000000e-01  1.67893402e+09 
 4.95000000e-01  1.71317542e+09 
 4.96000000e-01  1.74808130e+09 
 4.97000000e-01  1.78366385e+09 
 4.98000000e-01  1.81993546e+09 
 4.99000000e-01  1.85690871e+09 
 5.00000000e-01  1.89459642e+09 
 5.01000000e-01  1.93301160e+09 
 5.02000000e-01  1.97216748e+09 
 5.03000000e-01  2.01207754e+09 
 5.04000000e-01  2.05275543e+09 
 5.05000000e-01  2.09421506e+09 
 5.06000000e-01  2.13647057e+09 
 5.07000000e-01  2.17953631e+09 
 5.08000000e-01  2.22342687e+09 
 5.09000000e-01  2.26815707e+09 
 5.10000000e-01  2.31374197e+09 
 5.11000000e-01  2.36019688e+09 
 5.12000000e-01  2.40753734e+09 
 5.13000000e-01  2.45577912e+09 
 5.14000000e-01  2.50493827e+09 
 5.15000000e-01  2.55503105e+09 
 5.16000000e-01  2.60607399e+09 
 5.17000000e-01  2.65808387e+09 
 5.18000000e-01  2.71107771e+09 
 5.19000000e-01  2.76507280e+09 
 5.20000000e-01  2.82008668e+09 
 5.21000000e-01  2.87613714e+09 
 5.22000000e-01  2.93324223e+09 
 5.23000000e-01  2.99142027e+09 
 5.24000000e-01  3.05068982e+09 
 5.25000000e-01  3.11106971e+09 
 5.26000000e-01  3.17257904e+09 
 5.27000000e-01  3.23523716e+09 
 5.28000000e-01  3.29906369e+09 
 5.29000000e-01  3.36407849e+09 
 5.30000000e-01  3.43030170e+09 
 5.31000000e-01  3.49775373e+09 
 5.32000000e-01  3.56645521e+09 
 5.33000000e-01  3.63642708e+09 
 5.34000000e-01  3.70769050e+09 
 5.35000000e-01  3.78026690e+09 
 5.36000000e-01  3.85417795e+09 
 5.37000000e-01  3.92944561e+09 
 5.38000000e-01  4.00609204e+09 
 5.39000000e-01  4.08413968e+09 
 5.40000000e-01  4.16361122e+09 
 5.41000000e-01  4.24452956e+09 
 5.42000000e-01  4.32691787e+09 
 5.43000000e-01  4.41079953e+09 
 5.44000000e-01  4.49619817e+09 
 5.45000000e-01  4.58313763e+09 
 5.46000000e-01  4.67164199e+09 
 5.47000000e-01  4.76173552e+09 
 5.48000000e-01  4.85344271e+09 
 5.49000000e-01  4.94678827e+09 
 5.50000000e-01  5.04179709e+09 
 5.51000000e-01  5.13849425e+09 
 5.52000000e-01  5.23690503e+09 
 5.53000000e-01  5.33705487e+09 
 5.54000000e-01  5.43896938e+09 
 5.55000000e-01  5.54267434e+09 
 5.56000000e-01  5.64819567e+09 
 5.57000000e-01  5.75555945e+09 
 5.58000000e-01  5.86479185e+09 
 5.59000000e-01  5.97591922e+09 
 5.60000000e-01  6.08896797e+09 
 5.61000000e-01  6.20396464e+09 
 5.62000000e-01  6.32093585e+09 
 5.63000000e-01  6.43990829e+09 
 5.64000000e-01  6.56090872e+09 
 5.65000000e-01  6.68396396e+09 
 5.66000000e-01  6.80910085e+09 
 5.67000000e-01  6.93634626e+09 
 5.68000000e-01  7.06572708e+09 
 5.69000000e-01  7.19727018e+09 
 5.70000000e-01  7.33100242e+09 
 5.71000000e-01  7.46695062e+09 
 5.72000000e-01  7.60514154e+09 
 5.73000000e-01  7.74560188e+09 
 5.74000000e-01  7.88835825e+09 
 5.75000000e-01  8.03343717e+09 
 5.76000000e-01  8.18086502e+09 
 5.77000000e-01  8.33066804e+09 
 5.78000000e-01  8.48287233e+09 
 5.79000000e-01  8.63750380e+09 
 5.80000000e-01  8.79458815e+09 
 5.81000000e-01  8.95415090e+09 
 5.82000000e-01  9.11621730e+09 
 5.83000000e-01  9.28081235e+09 
 5.84000000e-01  9.44796077e+09 
 5.85000000e-01  9.61768700e+09 
 5.86000000e-01  9.79001514e+09 
 5.87000000e-01  9.96496894e+09 
 5.88000000e-01  1.01425718e+10 
 5.89000000e-01  1.03228467e+10 
 5.90000000e-01  1.05058164e+10 
 5.91000000e-01  1.06915028e+10 
 5.92000000e-01  1.08799278e+10 
 5.93000000e-01  1.10711126e+10 
 5.94000000e-01  1.12650779e+10 
 5.95000000e-01  1.14618440e+10 
 5.96000000e-01  1.16614304e+10 
 5.97000000e-01  1.18638563e+10 
 5.98000000e-01  1.20691402e+10 
 5.99000000e-01  1.22772999e+10 
 6.00000000e-01  1.24883528e+10 
 6.01000000e-01  1.27023153e+10 
 6.02000000e-01  1.29192033e+10 
 6.03000000e-01  1.31390321e+10 
 6.04000000e-01  1.33618161e+10 
 6.05000000e-01  1.35875690e+10 
 6.06000000e-01  1.38163036e+10 
 6.07000000e-01  1.40480322e+10 
 6.08000000e-01  1.42827659e+10 
 6.09000000e-01  1.45205153e+10 
 6.10000000e-01  1.47612900e+10 
 6.11000000e-01  1.50050985e+10 
 6.12000000e-01  1.52519488e+10 
 6.13000000e-01  1.55018477e+10 
 6.14000000e-01  1.57548011e+10 
 6.15000000e-01  1.60108141e+10 
 6.16000000e-01  1.62698905e+10 
 6.17000000e-01  1.65320333e+10 
 6.18000000e-01  1.67972446e+10 
 6.19000000e-01  1.70655253e+10 
 6.20000000e-01  1.73368753e+10 
 6.21000000e-01  1.76112933e+10 
 6.22000000e-01  1.78887771e+10 
 6.23000000e-01  1.81693234e+10 
 6.24000000e-01  1.84529278e+10 
 6.25000000e-01  1.87395846e+10 
 6.26000000e-01  1.90292872e+10 
 6.27000000e-01  1.93220278e+10 
 6.28000000e-01  1.96177973e+10 
 6.29000000e-01  1.99165856e+10 
 6.30000000e-01  2.02183815e+10 
 6.31000000e-01  2.05231725e+10 
 6.32000000e-01  2.08309448e+10 
 6.33000000e-01  2.11416838e+10 
 6.34000000e-01  2.14553733e+10 
 6.35000000e-01  2.17719962e+10 
 6.36000000e-01  2.20915341e+10 
 6.37000000e-01  2.24139675e+10 
 6.38000000e-01  2.27392755e+10 
 6.39000000e-01  2.30674361e+10 
 6.40000000e-01  2.33984264e+10 
 6.41000000e-01  2.37322218e+10 
 6.42000000e-01  2.40687970e+10 
 6.43000000e-01  2.44081253e+10 
 6.44000000e-01  2.47501787e+10 
 6.45000000e-01  2.50949284e+10 
 6.46000000e-01  2.54423441e+10 
 6.47000000e-01  2.57923946e+10 
 6.48000000e-01  2.61450474e+10 
 6.49000000e-01  2.65002691e+10 
 6.50000000e-01  2.68580250e+10 
 6.51000000e-01  2.72182793e+10 
 6.52000000e-01  2.75809952e+10 
 6.53000000e-01  2.79461349e+10 
 6.54000000e-01  2.83136595e+10 
 6.55000000e-01  2.86835290e+10 
 6.56000000e-01  2.90557026e+10 
 6.57000000e-01  2.94301382e+10 
 6.58000000e-01  2.98067929e+10 
 6.59000000e-01  3.01856231e+10 
 6.60000000e-01  3.05665838e+10 
 6.61000000e-01  3.09496294e+10 
 6.62000000e-01  3.13347135e+10 
 6.63000000e-01  3.17217886e+10 
 6.64000000e-01  3.21108064e+10 
 6.65000000e-01  3.25017181e+10 
 6.66000000e-01  3.28944738e+10 
 6.67000000e-01  3.32890230e+10 
 6.68000000e-01  3.36853144e+10 
 6.69000000e-01  3.40832962e+10 
 6.70000000e-01  3.44829157e+10 
 6.71000000e-01  3.48841197e+10 
 6.72000000e-01  3.52868544e+10 
 6.73000000e-01  3.56910654e+10 
 6.74000000e-01  3.60966978e+10 
 6.75000000e-01  3.65036961e+10 
 6.76000000e-01  3.69120045e+10 
 6.77000000e-01  3.73215666e+10 
 6.78000000e-01  3.77323256e+10 
 6.79000000e-01  3.81442244e+10 
 6.80000000e-01  3.85572055e+10 
 6.81000000e-01  3.89712112e+10 
 6.82000000e-01  3.93861832e+10 
 6.83000000e-01  3.98020634e+10 
 6.84000000e-01  4.02187932e+10 
 6.85000000e-01  4.06363138e+10 
 6.86000000e-01  4.10545663e+10 
 6.87000000e-01  4.14734919e+10 
 6.88000000e-01  4.18930314e+10 
 6.89000000e-01  4.23131258e+10 
 6.90000000e-01  4.27337158e+10 
 6.91000000e-01  4.31547424e+10 
 6.92000000e-01  4.35761465e+10 
 6.93000000e-01  4.39978690e+10 
 6.94000000e-01  4.44198512e+10 
 6.95000000e-01  4.48420343e+10 
 6.96000000e-01  4.52643596e+10 
 6.97000000e-01  4.56867689e+10 
 6.98000000e-01  4.61092039e+10 
 6.99000000e-01  4.65316068e+10 
 7.00000000e-01  4.69539200e+10 
 7.01000000e-01  4.73760863e+10 
 7.02000000e-01  4.77980486e+10 
 7.03000000e-01  4.82197505e+10 
 7.04000000e-01  4.86411357e+10 
 7.05000000e-01  4.90621486e+10 
 7.06000000e-01  4.94827339e+10 
 7.07000000e-01  4.99028368e+10 
 7.08000000e-01  5.03224029e+10 
 7.09000000e-01  5.07413785e+10 
 7.10000000e-01  5.11597103e+10 
 7.11000000e-01  5.15773458e+10 
 7.12000000e-01  5.19942327e+10 
 7.13000000e-01  5.24103197e+10 
 7.14000000e-01  5.28255560e+10 
 7.15000000e-01  5.32398913e+10 
 7.16000000e-01  5.36532761e+10 
 7.17000000e-01  5.40656617e+10 
 7.18000000e-01  5.44769998e+10 
 7.19000000e-01  5.48872432e+10 
 7.20000000e-01  5.52963451e+10 
 7.21000000e-01  5.57042597e+10 
 7.22000000e-01  5.61109418e+10 
 7.23000000e-01  5.65163471e+10 
 7.24000000e-01  5.69204319e+10 
 7.25000000e-01  5.73231535e+10 
 7.26000000e-01  5.77244700e+10 
 7.27000000e-01  5.81243402e+10 
 7.28000000e-01  5.85227239e+10 
 7.29000000e-01  5.89195815e+10 
 7.30000000e-01  5.93148746e+10 
 7.31000000e-01  5.97085652e+10 
 7.32000000e-01  6.01006167e+10 
 7.33000000e-01  6.04909930e+10 
 7.34000000e-01  6.08796588e+10 
 7.35000000e-01  6.12665801e+10 
 7.36000000e-01  6.16517234e+10 
 7.37000000e-01  6.20350563e+10 
 7.38000000e-01  6.24165471e+10 
 7.39000000e-01  6.27961653e+10 
 7.40000000e-01  6.31738809e+10 
 7.41000000e-01  6.35496651e+10 
 7.42000000e-01  6.39234898e+10 
 7.43000000e-01  6.42953280e+10 
 7.44000000e-01  6.46651533e+10 
 7.45000000e-01  6.50329406e+10 
 7.46000000e-01  6.53986653e+10 
 7.47000000e-01  6.57623038e+10 
 7.48000000e-01  6.61238334e+10 
 7.49000000e-01  6.64832324e+10 
 7.50000000e-01  6.68404798e+10 
 7.51000000e-01  6.71955555e+10 
 7.52000000e-01  6.75484404e+10 
 7.53000000e-01  6.78991160e+10 
 7.54000000e-01  6.82475649e+10 
 7.55000000e-01  6.85937703e+10 
 7.56000000e-01  6.89377165e+10 
 7.57000000e-01  6.92793885e+10 
 7.58000000e-01  6.96187720e+10 
 7.59000000e-01  6.99558537e+10 
 7.60000000e-01  7.02906211e+10 
 7.61000000e-01  7.06230623e+10 
 7.62000000e-01  7.09531664e+10 
 7.63000000e-01  7.12809231e+10 
 7.64000000e-01  7.16063231e+10 
 7.65000000e-01  7.19293575e+10 
 7.66000000e-01  7.22500186e+10 
 7.67000000e-01  7.25682989e+10 
 7.68000000e-01  7.28841921e+10 
 7.69000000e-01  7.31976924e+10 
 7.70000000e-01  7.35087947e+10 
 7.71000000e-01  7.38174946e+10 
 7.72000000e-01  7.41237883e+10 
 7.73000000e-01  7.44276729e+10 
 7.74000000e-01  7.47291460e+10 
 7.75000000e-01  7.50282058e+10 
 7.76000000e-01  7.53248512e+10 
 7.77000000e-01  7.56190816e+10 
 7.78000000e-01  7.59108973e+10 
 7.79000000e-01  7.62002989e+10 
 7.80000000e-01  7.64872877e+10 
 7.81000000e-01  7.67718655e+10 
 7.82000000e-01  7.70540348e+10 
 7.83000000e-01  7.73337986e+10 
 7.84000000e-01  7.76111602e+10 
 7.85000000e-01  7.78861238e+10 
 7.86000000e-01  7.81586938e+10 
 7.87000000e-01  7.84288752e+10 
 7.88000000e-01  7.86966737e+10 
 7.89000000e-01  7.89620950e+10 
 7.90000000e-01  7.92251456e+10 
 7.91000000e-01  7.94858325e+10 
 7.92000000e-01  7.97441629e+10 
 7.93000000e-01  8.00001445e+10 
 7.94000000e-01  8.02537855e+10 
 7.95000000e-01  8.05050945e+10 
 7.96000000e-01  8.07540802e+10 
 7.97000000e-01  8.10007520e+10 
 7.98000000e-01  8.12451196e+10 
 7.99000000e-01  8.14871930e+10 
 8.00000000e-01  8.17269825e+10 
 8.01000000e-01  8.19644987e+10 
 8.02000000e-01  8.21997527e+10 
 8.03000000e-01  8.24327558e+10 
 8.04000000e-01  8.26635195e+10 
 8.05000000e-01  8.28920557e+10 
 8.06000000e-01  8.31183766e+10 
 8.07000000e-01  8.33424945e+10 
 8.08000000e-01  8.35644221e+10 
 8.09000000e-01  8.37841722e+10 
 8.10000000e-01  8.40017581e+10 
 8.11000000e-01  8.42171931e+10 
 8.12000000e-01  8.44304906e+10 
 8.13000000e-01  8.46416646e+10 
 8.14000000e-01  8.48507288e+10 
 8.15000000e-01  8.50576975e+10 
 8.16000000e-01  8.52625850e+10 
 8.17000000e-01  8.54654056e+10 
 8.18000000e-01  8.56661741e+10 
 8.19000000e-01  8.58649052e+10 
 8.20000000e-01  8.60616138e+10 
 8.21000000e-01  8.62563150e+10 
 8.22000000e-01  8.64490238e+10 
 8.23000000e-01  8.66397556e+10 
 8.24000000e-01  8.68285258e+10 
 8.25000000e-01  8.70153497e+10 
 8.26000000e-01  8.72002430e+10 
 8.27000000e-01  8.73832213e+10 
 8.28000000e-01  8.75643004e+10 
 8.29000000e-01  8.77434959e+10 
 8.30000000e-01  8.79208238e+10 
 8.31000000e-01  8.80962999e+10 
 8.32000000e-01  8.82699403e+10 
 8.33000000e-01  8.84417608e+10 
 8.34000000e-01  8.86117775e+10 
 8.35000000e-01  8.87800065e+10 
 8.36000000e-01  8.89464637e+10 
 8.37000000e-01  8.91111655e+10 
 8.38000000e-01  8.92741277e+10 
 8.39000000e-01  8.94353665e+10 
 8.40000000e-01  8.95948981e+10 
 8.41000000e-01  8.97527385e+10 
 8.42000000e-01  8.99089038e+10 
 8.43000000e-01  9.00634102e+10 
 8.44000000e-01  9.02162735e+10 
 8.45000000e-01  9.03675100e+10 
 8.46000000e-01  9.05171355e+10 
 8.47000000e-01  9.06651661e+10 
 8.48000000e-01  9.08116177e+10 
 8.49000000e-01  9.09565062e+10 
 8.50000000e-01  9.10998473e+10 
 8.51000000e-01  9.12416570e+10 
 8.52000000e-01  9.13819510e+10 
 8.53000000e-01  9.15207449e+10 
 8.54000000e-01  9.16580544e+10 
 8.55000000e-01  9.17938951e+10 
 8.56000000e-01  9.19282824e+10 
 8.57000000e-01  9.20612317e+10 
 8.58000000e-01  9.21927585e+10 
 8.59000000e-01  9.23228780e+10 
 8.60000000e-01  9.24516054e+10 
 8.61000000e-01  9.25789558e+10 
 8.62000000e-01  9.27049443e+10 
 8.63000000e-01  9.28295859e+10 
 8.64000000e-01  9.29528953e+10 
 8.65000000e-01  9.30748874e+10 
 8.66000000e-01  9.31955769e+10 
 8.67000000e-01  9.33149783e+10 
 8.68000000e-01  9.34331061e+10 
 8.69000000e-01  9.35499748e+10 
 8.70000000e-01  9.36655987e+10 
 8.71000000e-01  9.37799919e+10 
 8.72000000e-01  9.38931685e+10 
 8.73000000e-01  9.40051426e+10 
 8.74000000e-01  9.41159280e+10 
 8.75000000e-01  9.42255386e+10 
 8.76000000e-01  9.43339879e+10 
 8.77000000e-01  9.44412895e+10 
 8.78000000e-01  9.45474570e+10 
 8.79000000e-01  9.46525035e+10 
 8.80000000e-01  9.47564425e+10 
 8.81000000e-01  9.48592870e+10 
 8.82000000e-01  9.49610500e+10 
 8.83000000e-01  9.50617444e+10 
 8.84000000e-01  9.51613830e+10 
 8.85000000e-01  9.52599784e+10 
 8.86000000e-01  9.53575433e+10 
 8.87000000e-01  9.54540899e+10 
 8.88000000e-01  9.55496308e+10 
 8.89000000e-01  9.56441779e+10 
 8.90000000e-01  9.57377435e+10 
 8.91000000e-01  9.58303395e+10 
 8.92000000e-01  9.59219778e+10 
 8.93000000e-01  9.60126700e+10 
 8.94000000e-01  9.61024279e+10 
 8.95000000e-01  9.61912628e+10 
 8.96000000e-01  9.62791862e+10 
 8.97000000e-01  9.63662093e+10 
 8.98000000e-01  9.64523433e+10 
 8.99000000e-01  9.65375992e+10 
 9.00000000e-01  9.66219879e+10 
 9.01000000e-01  9.67055201e+10 
 9.02000000e-01  9.67882067e+10 
 9.03000000e-01  9.68700581e+10 
 9.04000000e-01  9.69510848e+10 
 9.05000000e-01  9.70312970e+10 
 9.06000000e-01  9.71107051e+10 
 9.07000000e-01  9.71893191e+10 
 9.08000000e-01  9.72671489e+10 
 9.09000000e-01  9.73442045e+10 
 9.10000000e-01  9.74204957e+10 
 9.11000000e-01  9.74960319e+10 
 9.12000000e-01  9.75708229e+10 
 9.13000000e-01  9.76448779e+10 
 9.14000000e-01  9.77182063e+10 
 9.15000000e-01  9.77908173e+10 
 9.16000000e-01  9.78627200e+10 
 9.17000000e-01  9.79339233e+10 
 9.18000000e-01  9.80044361e+10 
 9.19000000e-01  9.80742672e+10 
 9.20000000e-01  9.81434251e+10 
 9.21000000e-01  9.82119186e+10 
 9.22000000e-01  9.82797559e+10 
 9.23000000e-01  9.83469454e+10 
 9.24000000e-01  9.84134954e+10 
 9.25000000e-01  9.84794139e+10 
 9.26000000e-01  9.85447090e+10 
 9.27000000e-01  9.86093886e+10 
 9.28000000e-01  9.86734605e+10 
 9.29000000e-01  9.87369324e+10 
 9.30000000e-01  9.87998120e+10 
 9.31000000e-01  9.88621067e+10 
 9.32000000e-01  9.89238240e+10 
 9.33000000e-01  9.89849711e+10 
 9.34000000e-01  9.90455554e+10 
 9.35000000e-01  9.91055838e+10 
 9.36000000e-01  9.91650636e+10 
 9.37000000e-01  9.92240015e+10 
 9.38000000e-01  9.92824045e+10 
 9.39000000e-01  9.93402793e+10 
 9.40000000e-01  9.93976326e+10 
 9.41000000e-01  9.94544708e+10 
 9.42000000e-01  9.95108006e+10 
 9.43000000e-01  9.95666283e+10 
 9.44000000e-01  9.96219601e+10 
 9.45000000e-01  9.96768024e+10 
 9.46000000e-01  9.97311613e+10 
 9.47000000e-01  9.97850427e+10 
 9.48000000e-01  9.98384527e+10 
 9.49000000e-01  9.98913972e+10 
 9.50000000e-01  9.99438818e+10 
 9.51000000e-01  9.99959125e+10 
 9.52000000e-01  1.00047495e+11 
 9.53000000e-01  1.00098634e+11 
 9.54000000e-01  1.00149336e+11 
 9.55000000e-01  1.00199606e+11 
 9.56000000e-01  1.00249449e+11 
 9.57000000e-01  1.00298871e+11 
 9.58000000e-01  1.00347877e+11 
 9.59000000e-01  1.00396471e+11 
 9.60000000e-01  1.00444659e+11 
 9.61000000e-01  1.00492446e+11 
 9.62000000e-01  1.00539837e+11 
 9.63000000e-01  1.00586836e+11 
 9.64000000e-01  1.00633448e+11 
 9.65000000e-01  1.00679679e+11 
 9.66000000e-01  1.00725531e+11 
 9.67000000e-01  1.00771011e+11 
 9.68000000e-01  1.00816122e+11 
 9.69000000e-01  1.00860869e+11 
 9.70000000e-01  1.00905256e+11 
 9.71000000e-01  1.00949288e+11 
 9.72000000e-01  1.00992968e+11 
 9.73000000e-01  1.01036301e+11 
 9.74000000e-01  1.01079291e+11 
 9.75000000e-01  1.01121942e+11 
 9.76000000e-01  1.01164257e+11 
 9.77000000e-01  1.01206242e+11 
 9.78000000e-01  1.01247899e+11 
 9.79000000e-01  1.01289232e+11 
 9.80000000e-01  1.01330245e+11 
 9.81000000e-01  1.01370942e+11 
 9.82000000e-01  1.01411326e+11 
 9.83000000e-01  1.01451401e+11 
 9.84000000e-01  1.01491171e+11 
 9.85000000e-01  1.01530638e+11 
 9.86000000e-01  1.01569807e+11 
 9.87000000e-01  1.01608680e+11 
 9.88000000e-01  1.01647261e+11 
 9.89000000e-01  1.01685553e+11 
 9.90000000e-01  1.01723559e+11 
 9.91000000e-01  1.01761283e+11 
 9.92000000e-01  1.01798727e+11 
 9.93000000e-01  1.01835895e+11 
 9.94000000e-01  1.01872789e+11 
 9.95000000e-01  1.01909413e+11 
 9.96000000e-01  1.01945770e+11 
 9.97000000e-01  1.01981861e+11 
 9.98000000e-01  1.02017691e+11 
 9.99000000e-01  1.02053261e+11 
 1.00000000e+00  1.02088575e+11 
