 0.00000000e+00  1.92484742e+01 
 1.00000000e-03  1.92489953e+01 
 2.00000000e-03  1.92495162e+01 
 3.00000000e-03  1.92500369e+01 
 4.00000000e-03  1.92505573e+01 
 5.00000000e-03  1.92510776e+01 
 6.00000000e-03  1.92515976e+01 
 7.00000000e-03  1.92521175e+01 
 8.00000000e-03  1.92526371e+01 
 9.00000000e-03  1.92531564e+01 
 1.00000000e-02  1.92536756e+01 
 1.10000000e-02  1.92541945e+01 
 1.20000000e-02  1.92547132e+01 
 1.30000000e-02  1.92552317e+01 
 1.40000000e-02  1.92557499e+01 
 1.50000000e-02  1.92562679e+01 
 1.60000000e-02  1.92567856e+01 
 1.70000000e-02  1.92573031e+01 
 1.80000000e-02  1.92578204e+01 
 1.90000000e-02  1.92583373e+01 
 2.00000000e-02  1.92588541e+01 
 2.10000000e-02  1.92593705e+01 
 2.20000000e-02  1.92598867e+01 
 2.30000000e-02  1.92604026e+01 
 2.40000000e-02  1.92609183e+01 
 2.50000000e-02  1.92614336e+01 
 2.60000000e-02  1.92619487e+01 
 2.70000000e-02  1.92624635e+01 
 2.80000000e-02  1.92629780e+01 
 2.90000000e-02  1.92634922e+01 
 3.00000000e-02  1.92640061e+01 
 3.10000000e-02  1.92645198e+01 
 3.20000000e-02  1.92650331e+01 
 3.30000000e-02  1.92655461e+01 
 3.40000000e-02  1.92660587e+01 
 3.50000000e-02  1.92665711e+01 
 3.60000000e-02  1.92670831e+01 
 3.70000000e-02  1.92675948e+01 
 3.80000000e-02  1.92681062e+01 
 3.90000000e-02  1.92686172e+01 
 4.00000000e-02  1.92691279e+01 
 4.10000000e-02  1.92696383e+01 
 4.20000000e-02  1.92701483e+01 
 4.30000000e-02  1.92706579e+01 
 4.40000000e-02  1.92711672e+01 
 4.50000000e-02  1.92716761e+01 
 4.60000000e-02  1.92721846e+01 
 4.70000000e-02  1.92726928e+01 
 4.80000000e-02  1.92732005e+01 
 4.90000000e-02  1.92737079e+01 
 5.00000000e-02  1.92742149e+01 
 5.10000000e-02  1.92747215e+01 
 5.20000000e-02  1.92752277e+01 
 5.30000000e-02  1.92757335e+01 
 5.40000000e-02  1.92762389e+01 
 5.50000000e-02  1.92767439e+01 
 5.60000000e-02  1.92772484e+01 
 5.70000000e-02  1.92777525e+01 
 5.80000000e-02  1.92782561e+01 
 5.90000000e-02  1.92787594e+01 
 6.00000000e-02  1.92792621e+01 
 6.10000000e-02  1.92797645e+01 
 6.20000000e-02  1.92802663e+01 
 6.30000000e-02  1.92807677e+01 
 6.40000000e-02  1.92812686e+01 
 6.50000000e-02  1.92817691e+01 
 6.60000000e-02  1.92822690e+01 
 6.70000000e-02  1.92827685e+01 
 6.80000000e-02  1.92832674e+01 
 6.90000000e-02  1.92837659e+01 
 7.00000000e-02  1.92842638e+01 
 7.10000000e-02  1.92847613e+01 
 7.20000000e-02  1.92852582e+01 
 7.30000000e-02  1.92857545e+01 
 7.40000000e-02  1.92862504e+01 
 7.50000000e-02  1.92867456e+01 
 7.60000000e-02  1.92872404e+01 
 7.70000000e-02  1.92877345e+01 
 7.80000000e-02  1.92882281e+01 
 7.90000000e-02  1.92887211e+01 
 8.00000000e-02  1.92892136e+01 
 8.10000000e-02  1.92897054e+01 
 8.20000000e-02  1.92901966e+01 
 8.30000000e-02  1.92906873e+01 
 8.40000000e-02  1.92911773e+01 
 8.50000000e-02  1.92916667e+01 
 8.60000000e-02  1.92921555e+01 
 8.70000000e-02  1.92926436e+01 
 8.80000000e-02  1.92931311e+01 
 8.90000000e-02  1.92936179e+01 
 9.00000000e-02  1.92941040e+01 
 9.10000000e-02  1.92945895e+01 
 9.20000000e-02  1.92950743e+01 
 9.30000000e-02  1.92955584e+01 
 9.40000000e-02  1.92960418e+01 
 9.50000000e-02  1.92965245e+01 
 9.60000000e-02  1.92970065e+01 
 9.70000000e-02  1.92974877e+01 
 9.80000000e-02  1.92979682e+01 
 9.90000000e-02  1.92984480e+01 
 1.00000000e-01  1.92989270e+01 
 1.01000000e-01  1.92994052e+01 
 1.02000000e-01  1.92998826e+01 
 1.03000000e-01  1.93003593e+01 
 1.04000000e-01  1.93008352e+01 
 1.05000000e-01  1.93013102e+01 
 1.06000000e-01  1.93017845e+01 
 1.07000000e-01  1.93022579e+01 
 1.08000000e-01  1.93027305e+01 
 1.09000000e-01  1.93032022e+01 
 1.10000000e-01  1.93036731e+01 
 1.11000000e-01  1.93041430e+01 
 1.12000000e-01  1.93046121e+01 
 1.13000000e-01  1.93050804e+01 
 1.14000000e-01  1.93055477e+01 
 1.15000000e-01  1.93060140e+01 
 1.16000000e-01  1.93064795e+01 
 1.17000000e-01  1.93069440e+01 
 1.18000000e-01  1.93074076e+01 
 1.19000000e-01  1.93078702e+01 
 1.20000000e-01  1.93083318e+01 
 1.21000000e-01  1.93087924e+01 
 1.22000000e-01  1.93092520e+01 
 1.23000000e-01  1.93097106e+01 
 1.24000000e-01  1.93101682e+01 
 1.25000000e-01  1.93106247e+01 
 1.26000000e-01  1.93110802e+01 
 1.27000000e-01  1.93115346e+01 
 1.28000000e-01  1.93119879e+01 
 1.29000000e-01  1.93124402e+01 
 1.30000000e-01  1.93128913e+01 
 1.31000000e-01  1.93133413e+01 
 1.32000000e-01  1.93137901e+01 
 1.33000000e-01  1.93142378e+01 
 1.34000000e-01  1.93146843e+01 
 1.35000000e-01  1.93151297e+01 
 1.36000000e-01  1.93155738e+01 
 1.37000000e-01  1.93160168e+01 
 1.38000000e-01  1.93164585e+01 
 1.39000000e-01  1.93168990e+01 
 1.40000000e-01  1.93173382e+01 
 1.41000000e-01  1.93177761e+01 
 1.42000000e-01  1.93182127e+01 
 1.43000000e-01  1.93186481e+01 
 1.44000000e-01  1.93190821e+01 
 1.45000000e-01  1.93195147e+01 
 1.46000000e-01  1.93199461e+01 
 1.47000000e-01  1.93203760e+01 
 1.48000000e-01  1.93208045e+01 
 1.49000000e-01  1.93212317e+01 
 1.50000000e-01  1.93216574e+01 
 1.51000000e-01  1.93220817e+01 
 1.52000000e-01  1.93225045e+01 
 1.53000000e-01  1.93229258e+01 
 1.54000000e-01  1.93233456e+01 
 1.55000000e-01  1.93237639e+01 
 1.56000000e-01  1.93241807e+01 
 1.57000000e-01  1.93245959e+01 
 1.58000000e-01  1.93250095e+01 
 1.59000000e-01  1.93254216e+01 
 1.60000000e-01  1.93258320e+01 
 1.61000000e-01  1.93262408e+01 
 1.62000000e-01  1.93266480e+01 
 1.63000000e-01  1.93270534e+01 
 1.64000000e-01  1.93274572e+01 
 1.65000000e-01  1.93278593e+01 
 1.66000000e-01  1.93282596e+01 
 1.67000000e-01  1.93286582e+01 
 1.68000000e-01  1.93290549e+01 
 1.69000000e-01  1.93294499e+01 
 1.70000000e-01  1.93298431e+01 
 1.71000000e-01  1.93302344e+01 
 1.72000000e-01  1.93306238e+01 
 1.73000000e-01  1.93310113e+01 
 1.74000000e-01  1.93313970e+01 
 1.75000000e-01  1.93317807e+01 
 1.76000000e-01  1.93321624e+01 
 1.77000000e-01  1.93325421e+01 
 1.78000000e-01  1.93329199e+01 
 1.79000000e-01  1.93332956e+01 
 1.80000000e-01  1.93336692e+01 
 1.81000000e-01  1.93340407e+01 
 1.82000000e-01  1.93344102e+01 
 1.83000000e-01  1.93347775e+01 
 1.84000000e-01  1.93351426e+01 
 1.85000000e-01  1.93355055e+01 
 1.86000000e-01  1.93358663e+01 
 1.87000000e-01  1.93362248e+01 
 1.88000000e-01  1.93365810e+01 
 1.89000000e-01  1.93369349e+01 
 1.90000000e-01  1.93372865e+01 
 1.91000000e-01  1.93376358e+01 
 1.92000000e-01  1.93379826e+01 
 1.93000000e-01  1.93383271e+01 
 1.94000000e-01  1.93386691e+01 
 1.95000000e-01  1.93390087e+01 
 1.96000000e-01  1.93393458e+01 
 1.97000000e-01  1.93396803e+01 
 1.98000000e-01  1.93400123e+01 
 1.99000000e-01  1.93403417e+01 
 2.00000000e-01  1.93406684e+01 
 2.01000000e-01  1.93409926e+01 
 2.02000000e-01  1.93413140e+01 
 2.03000000e-01  1.93416328e+01 
 2.04000000e-01  1.93419488e+01 
 2.05000000e-01  1.93422620e+01 
 2.06000000e-01  1.93425724e+01 
 2.07000000e-01  1.93428799e+01 
 2.08000000e-01  1.93431846e+01 
 2.09000000e-01  1.93434864e+01 
 2.10000000e-01  1.93437852e+01 
 2.11000000e-01  1.93440811e+01 
 2.12000000e-01  1.93443739e+01 
 2.13000000e-01  1.93446637e+01 
 2.14000000e-01  1.93449505e+01 
 2.15000000e-01  1.93452341e+01 
 2.16000000e-01  1.93455145e+01 
 2.17000000e-01  1.93457917e+01 
 2.18000000e-01  1.93460657e+01 
 2.19000000e-01  1.93463365e+01 
 2.20000000e-01  1.93466039e+01 
 2.21000000e-01  1.93468680e+01 
 2.22000000e-01  1.93471287e+01 
 2.23000000e-01  1.93473860e+01 
 2.24000000e-01  1.93476399e+01 
 2.25000000e-01  1.93478902e+01 
 2.26000000e-01  1.93481370e+01 
 2.27000000e-01  1.93483802e+01 
 2.28000000e-01  1.93486198e+01 
 2.29000000e-01  1.93488557e+01 
 2.30000000e-01  1.93490879e+01 
 2.31000000e-01  1.93493164e+01 
 2.32000000e-01  1.93495411e+01 
 2.33000000e-01  1.93497620e+01 
 2.34000000e-01  1.93499789e+01 
 2.35000000e-01  1.93501920e+01 
 2.36000000e-01  1.93504011e+01 
 2.37000000e-01  1.93506062e+01 
 2.38000000e-01  1.93508072e+01 
 2.39000000e-01  1.93510042e+01 
 2.40000000e-01  1.93511969e+01 
 2.41000000e-01  1.93513856e+01 
 2.42000000e-01  1.93515699e+01 
 2.43000000e-01  1.93517500e+01 
 2.44000000e-01  1.93519258e+01 
 2.45000000e-01  1.93520971e+01 
 2.46000000e-01  1.93522641e+01 
 2.47000000e-01  1.93524266e+01 
 2.48000000e-01  1.93525845e+01 
 2.49000000e-01  1.93527379e+01 
 2.50000000e-01  1.93528866e+01 
 2.51000000e-01  1.93530307e+01 
 2.52000000e-01  1.93531701e+01 
 2.53000000e-01  1.93533047e+01 
 2.54000000e-01  1.93534344e+01 
 2.55000000e-01  1.93535593e+01 
 2.56000000e-01  1.93536792e+01 
 2.57000000e-01  1.93537942e+01 
 2.58000000e-01  1.93539041e+01 
 2.59000000e-01  1.93540090e+01 
 2.60000000e-01  1.93541086e+01 
 2.61000000e-01  1.93542031e+01 
 2.62000000e-01  1.93542924e+01 
 2.63000000e-01  1.93543763e+01 
 2.64000000e-01  1.93544548e+01 
 2.65000000e-01  1.93545280e+01 
 2.66000000e-01  1.93545956e+01 
 2.67000000e-01  1.93546578e+01 
 2.68000000e-01  1.93547143e+01 
 2.69000000e-01  1.93547652e+01 
 2.70000000e-01  1.93548104e+01 
 2.71000000e-01  1.93548498e+01 
 2.72000000e-01  1.93548834e+01 
 2.73000000e-01  1.93549111e+01 
 2.74000000e-01  1.93549329e+01 
 2.75000000e-01  1.93549486e+01 
 2.76000000e-01  1.93549583e+01 
 2.77000000e-01  1.93549619e+01 
 2.78000000e-01  1.93549593e+01 
 2.79000000e-01  1.93549504e+01 
 2.80000000e-01  1.93549353e+01 
 2.81000000e-01  1.93549137e+01 
 2.82000000e-01  1.93548858e+01 
 2.83000000e-01  1.93548513e+01 
 2.84000000e-01  1.93548103e+01 
 2.85000000e-01  1.93547627e+01 
 2.86000000e-01  1.93547084e+01 
 2.87000000e-01  1.93546473e+01 
 2.88000000e-01  1.93545794e+01 
 2.89000000e-01  1.93545047e+01 
 2.90000000e-01  1.93544230e+01 
 2.91000000e-01  1.93543343e+01 
 2.92000000e-01  1.93542385e+01 
 2.93000000e-01  1.93541356e+01 
 2.94000000e-01  1.93540255e+01 
 2.95000000e-01  1.93539081e+01 
 2.96000000e-01  1.93537834e+01 
 2.97000000e-01  1.93536513e+01 
 2.98000000e-01  1.93535117e+01 
 2.99000000e-01  1.93533646e+01 
 3.00000000e-01  1.93532099e+01 
 3.01000000e-01  1.93530475e+01 
 3.02000000e-01  1.93528774e+01 
 3.03000000e-01  1.93526995e+01 
 3.04000000e-01  1.93525137e+01 
 3.05000000e-01  1.93523200e+01 
 3.06000000e-01  1.93521182e+01 
 3.07000000e-01  1.93519084e+01 
 3.08000000e-01  1.93516905e+01 
 3.09000000e-01  1.93514644e+01 
 3.10000000e-01  1.93512300e+01 
 3.11000000e-01  1.93509872e+01 
 3.12000000e-01  1.93507361e+01 
 3.13000000e-01  1.93504765e+01 
 3.14000000e-01  1.93502083e+01 
 3.15000000e-01  1.93499315e+01 
 3.16000000e-01  1.93496461e+01 
 3.17000000e-01  1.93493519e+01 
 3.18000000e-01  1.93490489e+01 
 3.19000000e-01  1.93487370e+01 
 3.20000000e-01  1.93484162e+01 
 3.21000000e-01  1.93480864e+01 
 3.22000000e-01  1.93477475e+01 
 3.23000000e-01  1.93473995e+01 
 3.24000000e-01  1.93470423e+01 
 3.25000000e-01  1.93466758e+01 
 3.26000000e-01  1.93463000e+01 
 3.27000000e-01  1.93459148e+01 
 3.28000000e-01  1.93455201e+01 
 3.29000000e-01  1.93451160e+01 
 3.30000000e-01  1.93447022e+01 
 3.31000000e-01  1.93442789e+01 
 3.32000000e-01  1.93438458e+01 
 3.33000000e-01  1.93434030e+01 
 3.34000000e-01  1.93429503e+01 
 3.35000000e-01  1.93424878e+01 
 3.36000000e-01  1.93420153e+01 
 3.37000000e-01  1.93415329e+01 
 3.38000000e-01  1.93410404e+01 
 3.39000000e-01  1.93405378e+01 
 3.40000000e-01  1.93400251e+01 
 3.41000000e-01  1.93395021e+01 
 3.42000000e-01  1.93389690e+01 
 3.43000000e-01  1.93384255e+01 
 3.44000000e-01  1.93378716e+01 
 3.45000000e-01  1.93373074e+01 
 3.46000000e-01  1.93367327e+01 
 3.47000000e-01  1.93361475e+01 
 3.48000000e-01  1.93355517e+01 
 3.49000000e-01  1.93349454e+01 
 3.50000000e-01  1.93343285e+01 
 3.51000000e-01  1.93337009e+01 
 3.52000000e-01  1.93330627e+01 
 3.53000000e-01  1.93324137e+01 
 3.54000000e-01  1.93317539e+01 
 3.55000000e-01  1.93310833e+01 
 3.56000000e-01  1.93304019e+01 
 3.57000000e-01  1.93297097e+01 
 3.58000000e-01  1.93290066e+01 
 3.59000000e-01  1.93282926e+01 
 3.60000000e-01  1.93275676e+01 
 3.61000000e-01  1.93268318e+01 
 3.62000000e-01  1.93260849e+01 
 3.63000000e-01  1.93253271e+01 
 3.64000000e-01  1.93245583e+01 
 3.65000000e-01  1.93237786e+01 
 3.66000000e-01  1.93229878e+01 
 3.67000000e-01  1.93221860e+01 
 3.68000000e-01  1.93213733e+01 
 3.69000000e-01  1.93205495e+01 
 3.70000000e-01  1.93197147e+01 
 3.71000000e-01  1.93188690e+01 
 3.72000000e-01  1.93180123e+01 
 3.73000000e-01  1.93171447e+01 
 3.74000000e-01  1.93162661e+01 
 3.75000000e-01  1.93153766e+01 
 3.76000000e-01  1.93144762e+01 
 3.77000000e-01  1.93135650e+01 
 3.78000000e-01  1.93126430e+01 
 3.79000000e-01  1.93117102e+01 
 3.80000000e-01  1.93107666e+01 
 3.81000000e-01  1.93098124e+01 
 3.82000000e-01  1.93088476e+01 
 3.83000000e-01  1.93078721e+01 
 3.84000000e-01  1.93068862e+01 
 3.85000000e-01  1.93058898e+01 
 3.86000000e-01  1.93048830e+01 
 3.87000000e-01  1.93038660e+01 
 3.88000000e-01  1.93028387e+01 
 3.89000000e-01  1.93018013e+01 
 3.90000000e-01  1.93007538e+01 
 3.91000000e-01  1.92996964e+01 
 3.92000000e-01  1.92986292e+01 
 3.93000000e-01  1.92975522e+01 
 3.94000000e-01  1.92964656e+01 
 3.95000000e-01  1.92953695e+01 
 3.96000000e-01  1.92942640e+01 
 3.97000000e-01  1.92931494e+01 
 3.98000000e-01  1.92920256e+01 
 3.99000000e-01  1.92908928e+01 
 4.00000000e-01  1.92897513e+01 
 4.01000000e-01  1.92886012e+01 
 4.02000000e-01  1.92874426e+01 
 4.03000000e-01  1.92862757e+01 
 4.04000000e-01  1.92851007e+01 
 4.05000000e-01  1.92839177e+01 
 4.06000000e-01  1.92827271e+01 
 4.07000000e-01  1.92815290e+01 
 4.08000000e-01  1.92803235e+01 
 4.09000000e-01  1.92791110e+01 
 4.10000000e-01  1.92778917e+01 
 4.11000000e-01  1.92766657e+01 
 4.12000000e-01  1.92754334e+01 
 4.13000000e-01  1.92741950e+01 
 4.14000000e-01  1.92729508e+01 
 4.15000000e-01  1.92717011e+01 
 4.16000000e-01  1.92704460e+01 
 4.17000000e-01  1.92691860e+01 
 4.18000000e-01  1.92679214e+01 
 4.19000000e-01  1.92666523e+01 
 4.20000000e-01  1.92653793e+01 
 4.21000000e-01  1.92641025e+01 
 4.22000000e-01  1.92628224e+01 
 4.23000000e-01  1.92615393e+01 
 4.24000000e-01  1.92602536e+01 
 4.25000000e-01  1.92589656e+01 
 4.26000000e-01  1.92576758e+01 
 4.27000000e-01  1.92563845e+01 
 4.28000000e-01  1.92550922e+01 
 4.29000000e-01  1.92537992e+01 
 4.30000000e-01  1.92525060e+01 
 4.31000000e-01  1.92512131e+01 
 4.32000000e-01  1.92499208e+01 
 4.33000000e-01  1.92486297e+01 
 4.34000000e-01  1.92473403e+01 
 4.35000000e-01  1.92460531e+01 
 4.36000000e-01  1.92447684e+01 
 4.37000000e-01  1.92434870e+01 
 4.38000000e-01  1.92422092e+01 
 4.39000000e-01  1.92409357e+01 
 4.40000000e-01  1.92396669e+01 
 4.41000000e-01  1.92384036e+01 
 4.42000000e-01  1.92371461e+01 
 4.43000000e-01  1.92358952e+01 
 4.44000000e-01  1.92346515e+01 
 4.45000000e-01  1.92334155e+01 
 4.46000000e-01  1.92321879e+01 
 4.47000000e-01  1.92309693e+01 
 4.48000000e-01  1.92297605e+01 
 4.49000000e-01  1.92285620e+01 
 4.50000000e-01  1.92273746e+01 
 4.51000000e-01  1.92261989e+01 
 4.52000000e-01  1.92250357e+01 
 4.53000000e-01  1.92238857e+01 
 4.54000000e-01  1.92227497e+01 
 4.55000000e-01  1.92216283e+01 
 4.56000000e-01  1.92205224e+01 
 4.57000000e-01  1.92194327e+01 
 4.58000000e-01  1.92183600e+01 
 4.59000000e-01  1.92173052e+01 
 4.60000000e-01  1.92162690e+01 
 4.61000000e-01  1.92152522e+01 
 4.62000000e-01  1.92142558e+01 
 4.63000000e-01  1.92132806e+01 
 4.64000000e-01  1.92123273e+01 
 4.65000000e-01  1.92113970e+01 
 4.66000000e-01  1.92104905e+01 
 4.67000000e-01  1.92096087e+01 
 4.68000000e-01  1.92087525e+01 
 4.69000000e-01  1.92079228e+01 
 4.70000000e-01  1.92071206e+01 
 4.71000000e-01  1.92063468e+01 
 4.72000000e-01  1.92056024e+01 
 4.73000000e-01  1.92048883e+01 
 4.74000000e-01  1.92042056e+01 
 4.75000000e-01  1.92035551e+01 
 4.76000000e-01  1.92029379e+01 
 4.77000000e-01  1.92023550e+01 
 4.78000000e-01  1.92018074e+01 
 4.79000000e-01  1.92012961e+01 
 4.80000000e-01  1.92008221e+01 
 4.81000000e-01  1.92003865e+01 
 4.82000000e-01  1.91999902e+01 
 4.83000000e-01  1.91996344e+01 
 4.84000000e-01  1.91993201e+01 
 4.85000000e-01  1.91990483e+01 
 4.86000000e-01  1.91988200e+01 
 4.87000000e-01  1.91986364e+01 
 4.88000000e-01  1.91984984e+01 
 4.89000000e-01  1.91984072e+01 
 4.90000000e-01  1.91983638e+01 
 4.91000000e-01  1.91983693e+01 
 4.92000000e-01  1.91984246e+01 
 4.93000000e-01  1.91985309e+01 
 4.94000000e-01  1.91986892e+01 
 4.95000000e-01  1.91989006e+01 
 4.96000000e-01  1.91991661e+01 
 4.97000000e-01  1.91994867e+01 
 4.98000000e-01  1.91998635e+01 
 4.99000000e-01  1.92002975e+01 
 5.00000000e-01  1.92007897e+01 
 5.01000000e-01  1.92013412e+01 
 5.02000000e-01  1.92019528e+01 
 5.03000000e-01  1.92026257e+01 
 5.04000000e-01  1.92033608e+01 
 5.05000000e-01  1.92041590e+01 
 5.06000000e-01  1.92050213e+01 
 5.07000000e-01  1.92059487e+01 
 5.08000000e-01  1.92069420e+01 
 5.09000000e-01  1.92080021e+01 
 5.10000000e-01  1.92091300e+01 
 5.11000000e-01  1.92103264e+01 
 5.12000000e-01  1.92115923e+01 
 5.13000000e-01  1.92129284e+01 
 5.14000000e-01  1.92143356e+01 
 5.15000000e-01  1.92158145e+01 
 5.16000000e-01  1.92173660e+01 
 5.17000000e-01  1.92189907e+01 
 5.18000000e-01  1.92206894e+01 
 5.19000000e-01  1.92224627e+01 
 5.20000000e-01  1.92243113e+01 
 5.21000000e-01  1.92262356e+01 
 5.22000000e-01  1.92282364e+01 
 5.23000000e-01  1.92303140e+01 
 5.24000000e-01  1.92324691e+01 
 5.25000000e-01  1.92347021e+01 
 5.26000000e-01  1.92370133e+01 
 5.27000000e-01  1.92394032e+01 
 5.28000000e-01  1.92418722e+01 
 5.29000000e-01  1.92444204e+01 
 5.30000000e-01  1.92470482e+01 
 5.31000000e-01  1.92497558e+01 
 5.32000000e-01  1.92525434e+01 
 5.33000000e-01  1.92554110e+01 
 5.34000000e-01  1.92583588e+01 
 5.35000000e-01  1.92613867e+01 
 5.36000000e-01  1.92644949e+01 
 5.37000000e-01  1.92676831e+01 
 5.38000000e-01  1.92709513e+01 
 5.39000000e-01  1.92742994e+01 
 5.40000000e-01  1.92777270e+01 
 5.41000000e-01  1.92812340e+01 
 5.42000000e-01  1.92848200e+01 
 5.43000000e-01  1.92884846e+01 
 5.44000000e-01  1.92922274e+01 
 5.45000000e-01  1.92960479e+01 
 5.46000000e-01  1.92999456e+01 
 5.47000000e-01  1.93039198e+01 
 5.48000000e-01  1.93079700e+01 
 5.49000000e-01  1.93120953e+01 
 5.50000000e-01  1.93162951e+01 
 5.51000000e-01  1.93205685e+01 
 5.52000000e-01  1.93249146e+01 
 5.53000000e-01  1.93293325e+01 
 5.54000000e-01  1.93338211e+01 
 5.55000000e-01  1.93383795e+01 
 5.56000000e-01  1.93430064e+01 
 5.57000000e-01  1.93477008e+01 
 5.58000000e-01  1.93524614e+01 
 5.59000000e-01  1.93572869e+01 
 5.60000000e-01  1.93621760e+01 
 5.61000000e-01  1.93671272e+01 
 5.62000000e-01  1.93721391e+01 
 5.63000000e-01  1.93772102e+01 
 5.64000000e-01  1.93823389e+01 
 5.65000000e-01  1.93875236e+01 
 5.66000000e-01  1.93927626e+01 
 5.67000000e-01  1.93980542e+01 
 5.68000000e-01  1.94033966e+01 
 5.69000000e-01  1.94087879e+01 
 5.70000000e-01  1.94142263e+01 
 5.71000000e-01  1.94197098e+01 
 5.72000000e-01  1.94252365e+01 
 5.73000000e-01  1.94308042e+01 
 5.74000000e-01  1.94364110e+01 
 5.75000000e-01  1.94420546e+01 
 5.76000000e-01  1.94477330e+01 
 5.77000000e-01  1.94534439e+01 
 5.78000000e-01  1.94591850e+01 
 5.79000000e-01  1.94649540e+01 
 5.80000000e-01  1.94707486e+01 
 5.81000000e-01  1.94765665e+01 
 5.82000000e-01  1.94824051e+01 
 5.83000000e-01  1.94882621e+01 
 5.84000000e-01  1.94941349e+01 
 5.85000000e-01  1.95000211e+01 
 5.86000000e-01  1.95059181e+01 
 5.87000000e-01  1.95118233e+01 
 5.88000000e-01  1.95177342e+01 
 5.89000000e-01  1.95236480e+01 
 5.90000000e-01  1.95295622e+01 
 5.91000000e-01  1.95354741e+01 
 5.92000000e-01  1.95413809e+01 
 5.93000000e-01  1.95472800e+01 
 5.94000000e-01  1.95531686e+01 
 5.95000000e-01  1.95590440e+01 
 5.96000000e-01  1.95649034e+01 
 5.97000000e-01  1.95707441e+01 
 5.98000000e-01  1.95765632e+01 
 5.99000000e-01  1.95823580e+01 
 6.00000000e-01  1.95881256e+01 
 6.01000000e-01  1.95938633e+01 
 6.02000000e-01  1.95995683e+01 
 6.03000000e-01  1.96052378e+01 
 6.04000000e-01  1.96108689e+01 
 6.05000000e-01  1.96164588e+01 
 6.06000000e-01  1.96220047e+01 
 6.07000000e-01  1.96275039e+01 
 6.08000000e-01  1.96329536e+01 
 6.09000000e-01  1.96383508e+01 
 6.10000000e-01  1.96436930e+01 
 6.11000000e-01  1.96489773e+01 
 6.12000000e-01  1.96542010e+01 
 6.13000000e-01  1.96593613e+01 
 6.14000000e-01  1.96644555e+01 
 6.15000000e-01  1.96694809e+01 
 6.16000000e-01  1.96744348e+01 
 6.17000000e-01  1.96793146e+01 
 6.18000000e-01  1.96841176e+01 
 6.19000000e-01  1.96888412e+01 
 6.20000000e-01  1.96934828e+01 
 6.21000000e-01  1.96980398e+01 
 6.22000000e-01  1.97025097e+01 
 6.23000000e-01  1.97068900e+01 
 6.24000000e-01  1.97111781e+01 
 6.25000000e-01  1.97153716e+01 
 6.26000000e-01  1.97194680e+01 
 6.27000000e-01  1.97234651e+01 
 6.28000000e-01  1.97273603e+01 
 6.29000000e-01  1.97311513e+01 
 6.30000000e-01  1.97348360e+01 
 6.31000000e-01  1.97384119e+01 
 6.32000000e-01  1.97418768e+01 
 6.33000000e-01  1.97452287e+01 
 6.34000000e-01  1.97484652e+01 
 6.35000000e-01  1.97515842e+01 
 6.36000000e-01  1.97545838e+01 
 6.37000000e-01  1.97574618e+01 
 6.38000000e-01  1.97602163e+01 
 6.39000000e-01  1.97628452e+01 
 6.40000000e-01  1.97653466e+01 
 6.41000000e-01  1.97677187e+01 
 6.42000000e-01  1.97699596e+01 
 6.43000000e-01  1.97720675e+01 
 6.44000000e-01  1.97740407e+01 
 6.45000000e-01  1.97758773e+01 
 6.46000000e-01  1.97775758e+01 
 6.47000000e-01  1.97791345e+01 
 6.48000000e-01  1.97805517e+01 
 6.49000000e-01  1.97818260e+01 
 6.50000000e-01  1.97829559e+01 
 6.51000000e-01  1.97839398e+01 
 6.52000000e-01  1.97847763e+01 
 6.53000000e-01  1.97854641e+01 
 6.54000000e-01  1.97860018e+01 
 6.55000000e-01  1.97863882e+01 
 6.56000000e-01  1.97866218e+01 
 6.57000000e-01  1.97867017e+01 
 6.58000000e-01  1.97866264e+01 
 6.59000000e-01  1.97863951e+01 
 6.60000000e-01  1.97860065e+01 
 6.61000000e-01  1.97854596e+01 
 6.62000000e-01  1.97847534e+01 
 6.63000000e-01  1.97838869e+01 
 6.64000000e-01  1.97828593e+01 
 6.65000000e-01  1.97816696e+01 
 6.66000000e-01  1.97803170e+01 
 6.67000000e-01  1.97788008e+01 
 6.68000000e-01  1.97771201e+01 
 6.69000000e-01  1.97752742e+01 
 6.70000000e-01  1.97732624e+01 
 6.71000000e-01  1.97710842e+01 
 6.72000000e-01  1.97687389e+01 
 6.73000000e-01  1.97662259e+01 
 6.74000000e-01  1.97635447e+01 
 6.75000000e-01  1.97606949e+01 
 6.76000000e-01  1.97576760e+01 
 6.77000000e-01  1.97544876e+01 
 6.78000000e-01  1.97511292e+01 
 6.79000000e-01  1.97476006e+01 
 6.80000000e-01  1.97439015e+01 
 6.81000000e-01  1.97400315e+01 
 6.82000000e-01  1.97359906e+01 
 6.83000000e-01  1.97317783e+01 
 6.84000000e-01  1.97273947e+01 
 6.85000000e-01  1.97228396e+01 
 6.86000000e-01  1.97181128e+01 
 6.87000000e-01  1.97132143e+01 
 6.88000000e-01  1.97081441e+01 
 6.89000000e-01  1.97029021e+01 
 6.90000000e-01  1.96974885e+01 
 6.91000000e-01  1.96919032e+01 
 6.92000000e-01  1.96861464e+01 
 6.93000000e-01  1.96802182e+01 
 6.94000000e-01  1.96741187e+01 
 6.95000000e-01  1.96678482e+01 
 6.96000000e-01  1.96614067e+01 
 6.97000000e-01  1.96547947e+01 
 6.98000000e-01  1.96480123e+01 
 6.99000000e-01  1.96410598e+01 
 7.00000000e-01  1.96339376e+01 
 7.01000000e-01  1.96266459e+01 
 7.02000000e-01  1.96191853e+01 
 7.03000000e-01  1.96115561e+01 
 7.04000000e-01  1.96037586e+01 
 7.05000000e-01  1.95957934e+01 
 7.06000000e-01  1.95876610e+01 
 7.07000000e-01  1.95793618e+01 
 7.08000000e-01  1.95708963e+01 
 7.09000000e-01  1.95622651e+01 
 7.10000000e-01  1.95534689e+01 
 7.11000000e-01  1.95445080e+01 
 7.12000000e-01  1.95353833e+01 
 7.13000000e-01  1.95260952e+01 
 7.14000000e-01  1.95166446e+01 
 7.15000000e-01  1.95070319e+01 
 7.16000000e-01  1.94972580e+01 
 7.17000000e-01  1.94873236e+01 
 7.18000000e-01  1.94772293e+01 
 7.19000000e-01  1.94669760e+01 
 7.20000000e-01  1.94565643e+01 
 7.21000000e-01  1.94459952e+01 
 7.22000000e-01  1.94352694e+01 
 7.23000000e-01  1.94243877e+01 
 7.24000000e-01  1.94133510e+01 
 7.25000000e-01  1.94021601e+01 
 7.26000000e-01  1.93908160e+01 
 7.27000000e-01  1.93793194e+01 
 7.28000000e-01  1.93676713e+01 
 7.29000000e-01  1.93558727e+01 
 7.30000000e-01  1.93439244e+01 
 7.31000000e-01  1.93318275e+01 
 7.32000000e-01  1.93195828e+01 
 7.33000000e-01  1.93071914e+01 
 7.34000000e-01  1.92946542e+01 
 7.35000000e-01  1.92819723e+01 
 7.36000000e-01  1.92691466e+01 
 7.37000000e-01  1.92561783e+01 
 7.38000000e-01  1.92430682e+01 
 7.39000000e-01  1.92298176e+01 
 7.40000000e-01  1.92164274e+01 
 7.41000000e-01  1.92028987e+01 
 7.42000000e-01  1.91892327e+01 
 7.43000000e-01  1.91754303e+01 
 7.44000000e-01  1.91614928e+01 
 7.45000000e-01  1.91474211e+01 
 7.46000000e-01  1.91332165e+01 
 7.47000000e-01  1.91188801e+01 
 7.48000000e-01  1.91044130e+01 
 7.49000000e-01  1.90898163e+01 
 7.50000000e-01  1.90750913e+01 
 7.51000000e-01  1.90602390e+01 
 7.52000000e-01  1.90452607e+01 
 7.53000000e-01  1.90301575e+01 
 7.54000000e-01  1.90149306e+01 
 7.55000000e-01  1.89995812e+01 
 7.56000000e-01  1.89841105e+01 
 7.57000000e-01  1.89685197e+01 
 7.58000000e-01  1.89528101e+01 
 7.59000000e-01  1.89369827e+01 
 7.60000000e-01  1.89210388e+01 
 7.61000000e-01  1.89049798e+01 
 7.62000000e-01  1.88888066e+01 
 7.63000000e-01  1.88725207e+01 
 7.64000000e-01  1.88561233e+01 
 7.65000000e-01  1.88396155e+01 
 7.66000000e-01  1.88229987e+01 
 7.67000000e-01  1.88062740e+01 
 7.68000000e-01  1.87894427e+01 
 7.69000000e-01  1.87725061e+01 
 7.70000000e-01  1.87554654e+01 
 7.71000000e-01  1.87383219e+01 
 7.72000000e-01  1.87210768e+01 
 7.73000000e-01  1.87037313e+01 
 7.74000000e-01  1.86862868e+01 
 7.75000000e-01  1.86687445e+01 
 7.76000000e-01  1.86511056e+01 
 7.77000000e-01  1.86333714e+01 
 7.78000000e-01  1.86155431e+01 
 7.79000000e-01  1.85976221e+01 
 7.80000000e-01  1.85796096e+01 
 7.81000000e-01  1.85615068e+01 
 7.82000000e-01  1.85433150e+01 
 7.83000000e-01  1.85250354e+01 
 7.84000000e-01  1.85066694e+01 
 7.85000000e-01  1.84882180e+01 
 7.86000000e-01  1.84696827e+01 
 7.87000000e-01  1.84510647e+01 
 7.88000000e-01  1.84323652e+01 
 7.89000000e-01  1.84135854e+01 
 7.90000000e-01  1.83947266e+01 
 7.91000000e-01  1.83757900e+01 
 7.92000000e-01  1.83567769e+01 
 7.93000000e-01  1.83376885e+01 
 7.94000000e-01  1.83185261e+01 
 7.95000000e-01  1.82992908e+01 
 7.96000000e-01  1.82799839e+01 
 7.97000000e-01  1.82606066e+01 
 7.98000000e-01  1.82411601e+01 
 7.99000000e-01  1.82216457e+01 
 8.00000000e-01  1.82020645e+01 
 8.01000000e-01  1.81824178e+01 
 8.02000000e-01  1.81627068e+01 
 8.03000000e-01  1.81429325e+01 
 8.04000000e-01  1.81230964e+01 
 8.05000000e-01  1.81031994e+01 
 8.06000000e-01  1.80832429e+01 
 8.07000000e-01  1.80632279e+01 
 8.08000000e-01  1.80431557e+01 
 8.09000000e-01  1.80230274e+01 
 8.10000000e-01  1.80028441e+01 
 8.11000000e-01  1.79826071e+01 
 8.12000000e-01  1.79623175e+01 
 8.13000000e-01  1.79419763e+01 
 8.14000000e-01  1.79215848e+01 
 8.15000000e-01  1.79011441e+01 
 8.16000000e-01  1.78806552e+01 
 8.17000000e-01  1.78601194e+01 
 8.18000000e-01  1.78395377e+01 
 8.19000000e-01  1.78189110e+01 
 8.20000000e-01  1.77982401e+01 
 8.21000000e-01  1.77775266e+01 
 8.22000000e-01  1.77567715e+01 
 8.23000000e-01  1.77359760e+01 
 8.24000000e-01  1.77151411e+01 
 8.25000000e-01  1.76942679e+01 
 8.26000000e-01  1.76733574e+01 
 8.27000000e-01  1.76524106e+01 
 8.28000000e-01  1.76314287e+01 
 8.29000000e-01  1.76104126e+01 
 8.30000000e-01  1.75893633e+01 
 8.31000000e-01  1.75682819e+01 
 8.32000000e-01  1.75471693e+01 
 8.33000000e-01  1.75260266e+01 
 8.34000000e-01  1.75048548e+01 
 8.35000000e-01  1.74836548e+01 
 8.36000000e-01  1.74624276e+01 
 8.37000000e-01  1.74411741e+01 
 8.38000000e-01  1.74198953e+01 
 8.39000000e-01  1.73985923e+01 
 8.40000000e-01  1.73772658e+01 
 8.41000000e-01  1.73559168e+01 
 8.42000000e-01  1.73345464e+01 
 8.43000000e-01  1.73131552e+01 
 8.44000000e-01  1.72917444e+01 
 8.45000000e-01  1.72703147e+01 
 8.46000000e-01  1.72488671e+01 
 8.47000000e-01  1.72274024e+01 
 8.48000000e-01  1.72059216e+01 
 8.49000000e-01  1.71844254e+01 
 8.50000000e-01  1.71629147e+01 
 8.51000000e-01  1.71413904e+01 
 8.52000000e-01  1.71198533e+01 
 8.53000000e-01  1.70983042e+01 
 8.54000000e-01  1.70767440e+01 
 8.55000000e-01  1.70551734e+01 
 8.56000000e-01  1.70335933e+01 
 8.57000000e-01  1.70120045e+01 
 8.58000000e-01  1.69904077e+01 
 8.59000000e-01  1.69688037e+01 
 8.60000000e-01  1.69471933e+01 
 8.61000000e-01  1.69255772e+01 
 8.62000000e-01  1.69039563e+01 
 8.63000000e-01  1.68823311e+01 
 8.64000000e-01  1.68607025e+01 
 8.65000000e-01  1.68390712e+01 
 8.66000000e-01  1.68174379e+01 
 8.67000000e-01  1.67958033e+01 
 8.68000000e-01  1.67741681e+01 
 8.69000000e-01  1.67525329e+01 
 8.70000000e-01  1.67308986e+01 
 8.71000000e-01  1.67092657e+01 
 8.72000000e-01  1.66876348e+01 
 8.73000000e-01  1.66660068e+01 
 8.74000000e-01  1.66443821e+01 
 8.75000000e-01  1.66227615e+01 
 8.76000000e-01  1.66011455e+01 
 8.77000000e-01  1.65795349e+01 
 8.78000000e-01  1.65579301e+01 
 8.79000000e-01  1.65363318e+01 
 8.80000000e-01  1.65147407e+01 
 8.81000000e-01  1.64931572e+01 
 8.82000000e-01  1.64715820e+01 
 8.83000000e-01  1.64500156e+01 
 8.84000000e-01  1.64284586e+01 
 8.85000000e-01  1.64069116e+01 
 8.86000000e-01  1.63853751e+01 
 8.87000000e-01  1.63638496e+01 
 8.88000000e-01  1.63423357e+01 
 8.89000000e-01  1.63208339e+01 
 8.90000000e-01  1.62993447e+01 
 8.91000000e-01  1.62778686e+01 
 8.92000000e-01  1.62564061e+01 
 8.93000000e-01  1.62349577e+01 
 8.94000000e-01  1.62135239e+01 
 8.95000000e-01  1.61921052e+01 
 8.96000000e-01  1.61707020e+01 
 8.97000000e-01  1.61493148e+01 
 8.98000000e-01  1.61279441e+01 
 8.99000000e-01  1.61065902e+01 
 9.00000000e-01  1.60852537e+01 
 9.01000000e-01  1.60639349e+01 
 9.02000000e-01  1.60426344e+01 
 9.03000000e-01  1.60213524e+01 
 9.04000000e-01  1.60000894e+01 
 9.05000000e-01  1.59788459e+01 
 9.06000000e-01  1.59576222e+01 
 9.07000000e-01  1.59364187e+01 
 9.08000000e-01  1.59152358e+01 
 9.09000000e-01  1.58940738e+01 
 9.10000000e-01  1.58729332e+01 
 9.11000000e-01  1.58518143e+01 
 9.12000000e-01  1.58307174e+01 
 9.13000000e-01  1.58096429e+01 
 9.14000000e-01  1.57885911e+01 
 9.15000000e-01  1.57675625e+01 
 9.16000000e-01  1.57465572e+01 
 9.17000000e-01  1.57255756e+01 
 9.18000000e-01  1.57046181e+01 
 9.19000000e-01  1.56836850e+01 
 9.20000000e-01  1.56627764e+01 
 9.21000000e-01  1.56418929e+01 
 9.22000000e-01  1.56210346e+01 
 9.23000000e-01  1.56002018e+01 
 9.24000000e-01  1.55793948e+01 
 9.25000000e-01  1.55586140e+01 
 9.26000000e-01  1.55378594e+01 
 9.27000000e-01  1.55171315e+01 
 9.28000000e-01  1.54964305e+01 
 9.29000000e-01  1.54757566e+01 
 9.30000000e-01  1.54551100e+01 
 9.31000000e-01  1.54344911e+01 
 9.32000000e-01  1.54139000e+01 
 9.33000000e-01  1.53933370e+01 
 9.34000000e-01  1.53728023e+01 
 9.35000000e-01  1.53522961e+01 
 9.36000000e-01  1.53318187e+01 
 9.37000000e-01  1.53113702e+01 
 9.38000000e-01  1.52909508e+01 
 9.39000000e-01  1.52705608e+01 
 9.40000000e-01  1.52502003e+01 
 9.41000000e-01  1.52298695e+01 
 9.42000000e-01  1.52095686e+01 
 9.43000000e-01  1.51892979e+01 
 9.44000000e-01  1.51690574e+01 
 9.45000000e-01  1.51488473e+01 
 9.46000000e-01  1.51286678e+01 
 9.47000000e-01  1.51085191e+01 
 9.48000000e-01  1.50884013e+01 
 9.49000000e-01  1.50683146e+01 
 9.50000000e-01  1.50482591e+01 
 9.51000000e-01  1.50282350e+01 
 9.52000000e-01  1.50082423e+01 
 9.53000000e-01  1.49882813e+01 
 9.54000000e-01  1.49683521e+01 
 9.55000000e-01  1.49484548e+01 
 9.56000000e-01  1.49285894e+01 
 9.57000000e-01  1.49087562e+01 
 9.58000000e-01  1.48889553e+01 
 9.59000000e-01  1.48691867e+01 
 9.60000000e-01  1.48494506e+01 
 9.61000000e-01  1.48297471e+01 
 9.62000000e-01  1.48100762e+01 
 9.63000000e-01  1.47904381e+01 
 9.64000000e-01  1.47708329e+01 
 9.65000000e-01  1.47512606e+01 
 9.66000000e-01  1.47317213e+01 
 9.67000000e-01  1.47122152e+01 
 9.68000000e-01  1.46927423e+01 
 9.69000000e-01  1.46733027e+01 
 9.70000000e-01  1.46538964e+01 
 9.71000000e-01  1.46345235e+01 
 9.72000000e-01  1.46151841e+01 
 9.73000000e-01  1.45958783e+01 
 9.74000000e-01  1.45766061e+01 
 9.75000000e-01  1.45573675e+01 
 9.76000000e-01  1.45381627e+01 
 9.77000000e-01  1.45189916e+01 
 9.78000000e-01  1.44998544e+01 
 9.79000000e-01  1.44807510e+01 
 9.80000000e-01  1.44616816e+01 
 9.81000000e-01  1.44426460e+01 
 9.82000000e-01  1.44236445e+01 
 9.83000000e-01  1.44046770e+01 
 9.84000000e-01  1.43857436e+01 
 9.85000000e-01  1.43668442e+01 
 9.86000000e-01  1.43479790e+01 
 9.87000000e-01  1.43291479e+01 
 9.88000000e-01  1.43103510e+01 
 9.89000000e-01  1.42915882e+01 
 9.90000000e-01  1.42728597e+01 
 9.91000000e-01  1.42541653e+01 
 9.92000000e-01  1.42355052e+01 
 9.93000000e-01  1.42168793e+01 
 9.94000000e-01  1.41982877e+01 
 9.95000000e-01  1.41797303e+01 
 9.96000000e-01  1.41612072e+01 
 9.97000000e-01  1.41427184e+01 
 9.98000000e-01  1.41242638e+01 
 9.99000000e-01  1.41058435e+01 
 1.00000000e+00  1.40874574e+01 
