 0.00000000e+00  2.52319371e+01 
 1.00000000e-03  2.52318266e+01 
 2.00000000e-03  2.52317148e+01 
 3.00000000e-03  2.52316015e+01 
 4.00000000e-03  2.52314867e+01 
 5.00000000e-03  2.52313706e+01 
 6.00000000e-03  2.52312529e+01 
 7.00000000e-03  2.52311338e+01 
 8.00000000e-03  2.52310131e+01 
 9.00000000e-03  2.52308910e+01 
 1.00000000e-02  2.52307672e+01 
 1.10000000e-02  2.52306420e+01 
 1.20000000e-02  2.52305151e+01 
 1.30000000e-02  2.52303866e+01 
 1.40000000e-02  2.52302565e+01 
 1.50000000e-02  2.52301248e+01 
 1.60000000e-02  2.52299913e+01 
 1.70000000e-02  2.52298562e+01 
 1.80000000e-02  2.52297194e+01 
 1.90000000e-02  2.52295809e+01 
 2.00000000e-02  2.52294406e+01 
 2.10000000e-02  2.52292985e+01 
 2.20000000e-02  2.52291546e+01 
 2.30000000e-02  2.52290089e+01 
 2.40000000e-02  2.52288614e+01 
 2.50000000e-02  2.52287120e+01 
 2.60000000e-02  2.52285607e+01 
 2.70000000e-02  2.52284075e+01 
 2.80000000e-02  2.52282523e+01 
 2.90000000e-02  2.52280952e+01 
 3.00000000e-02  2.52279361e+01 
 3.10000000e-02  2.52277750e+01 
 3.20000000e-02  2.52276119e+01 
 3.30000000e-02  2.52274467e+01 
 3.40000000e-02  2.52272794e+01 
 3.50000000e-02  2.52271100e+01 
 3.60000000e-02  2.52269384e+01 
 3.70000000e-02  2.52267647e+01 
 3.80000000e-02  2.52265888e+01 
 3.90000000e-02  2.52264106e+01 
 4.00000000e-02  2.52262302e+01 
 4.10000000e-02  2.52260476e+01 
 4.20000000e-02  2.52258626e+01 
 4.30000000e-02  2.52256752e+01 
 4.40000000e-02  2.52254855e+01 
 4.50000000e-02  2.52252935e+01 
 4.60000000e-02  2.52250989e+01 
 4.70000000e-02  2.52249020e+01 
 4.80000000e-02  2.52247025e+01 
 4.90000000e-02  2.52245005e+01 
 5.00000000e-02  2.52242960e+01 
 5.10000000e-02  2.52240888e+01 
 5.20000000e-02  2.52238791e+01 
 5.30000000e-02  2.52236667e+01 
 5.40000000e-02  2.52234516e+01 
 5.50000000e-02  2.52232338e+01 
 5.60000000e-02  2.52230133e+01 
 5.70000000e-02  2.52227900e+01 
 5.80000000e-02  2.52225638e+01 
 5.90000000e-02  2.52223348e+01 
 6.00000000e-02  2.52221029e+01 
 6.10000000e-02  2.52218681e+01 
 6.20000000e-02  2.52216303e+01 
 6.30000000e-02  2.52213895e+01 
 6.40000000e-02  2.52211457e+01 
 6.50000000e-02  2.52208988e+01 
 6.60000000e-02  2.52206488e+01 
 6.70000000e-02  2.52203956e+01 
 6.80000000e-02  2.52201392e+01 
 6.90000000e-02  2.52198796e+01 
 7.00000000e-02  2.52196167e+01 
 7.10000000e-02  2.52193505e+01 
 7.20000000e-02  2.52190809e+01 
 7.30000000e-02  2.52188080e+01 
 7.40000000e-02  2.52185316e+01 
 7.50000000e-02  2.52182517e+01 
 7.60000000e-02  2.52179682e+01 
 7.70000000e-02  2.52176812e+01 
 7.80000000e-02  2.52173906e+01 
 7.90000000e-02  2.52170963e+01 
 8.00000000e-02  2.52167983e+01 
 8.10000000e-02  2.52164966e+01 
 8.20000000e-02  2.52161910e+01 
 8.30000000e-02  2.52158816e+01 
 8.40000000e-02  2.52155683e+01 
 8.50000000e-02  2.52152510e+01 
 8.60000000e-02  2.52149298e+01 
 8.70000000e-02  2.52146045e+01 
 8.80000000e-02  2.52142751e+01 
 8.90000000e-02  2.52139415e+01 
 9.00000000e-02  2.52136038e+01 
 9.10000000e-02  2.52132618e+01 
 9.20000000e-02  2.52129154e+01 
 9.30000000e-02  2.52125648e+01 
 9.40000000e-02  2.52122097e+01 
 9.50000000e-02  2.52118501e+01 
 9.60000000e-02  2.52114860e+01 
 9.70000000e-02  2.52111173e+01 
 9.80000000e-02  2.52107440e+01 
 9.90000000e-02  2.52103660e+01 
 1.00000000e-01  2.52099832e+01 
 1.01000000e-01  2.52095956e+01 
 1.02000000e-01  2.52092031e+01 
 1.03000000e-01  2.52088057e+01 
 1.04000000e-01  2.52084033e+01 
 1.05000000e-01  2.52079959e+01 
 1.06000000e-01  2.52075833e+01 
 1.07000000e-01  2.52071655e+01 
 1.08000000e-01  2.52067425e+01 
 1.09000000e-01  2.52063141e+01 
 1.10000000e-01  2.52058804e+01 
 1.11000000e-01  2.52054412e+01 
 1.12000000e-01  2.52049965e+01 
 1.13000000e-01  2.52045462e+01 
 1.14000000e-01  2.52040902e+01 
 1.15000000e-01  2.52036285e+01 
 1.16000000e-01  2.52031611e+01 
 1.17000000e-01  2.52026877e+01 
 1.18000000e-01  2.52022084e+01 
 1.19000000e-01  2.52017231e+01 
 1.20000000e-01  2.52012317e+01 
 1.21000000e-01  2.52007341e+01 
 1.22000000e-01  2.52002303e+01 
 1.23000000e-01  2.51997201e+01 
 1.24000000e-01  2.51992036e+01 
 1.25000000e-01  2.51986806e+01 
 1.26000000e-01  2.51981510e+01 
 1.27000000e-01  2.51976147e+01 
 1.28000000e-01  2.51970718e+01 
 1.29000000e-01  2.51965220e+01 
 1.30000000e-01  2.51959654e+01 
 1.31000000e-01  2.51954017e+01 
 1.32000000e-01  2.51948310e+01 
 1.33000000e-01  2.51942532e+01 
 1.34000000e-01  2.51936681e+01 
 1.35000000e-01  2.51930757e+01 
 1.36000000e-01  2.51924759e+01 
 1.37000000e-01  2.51918685e+01 
 1.38000000e-01  2.51912536e+01 
 1.39000000e-01  2.51906309e+01 
 1.40000000e-01  2.51900005e+01 
 1.41000000e-01  2.51893621e+01 
 1.42000000e-01  2.51887158e+01 
 1.43000000e-01  2.51880614e+01 
 1.44000000e-01  2.51873988e+01 
 1.45000000e-01  2.51867280e+01 
 1.46000000e-01  2.51860487e+01 
 1.47000000e-01  2.51853610e+01 
 1.48000000e-01  2.51846646e+01 
 1.49000000e-01  2.51839596e+01 
 1.50000000e-01  2.51832457e+01 
 1.51000000e-01  2.51825230e+01 
 1.52000000e-01  2.51817912e+01 
 1.53000000e-01  2.51810503e+01 
 1.54000000e-01  2.51803001e+01 
 1.55000000e-01  2.51795405e+01 
 1.56000000e-01  2.51787715e+01 
 1.57000000e-01  2.51779929e+01 
 1.58000000e-01  2.51772046e+01 
 1.59000000e-01  2.51764065e+01 
 1.60000000e-01  2.51755984e+01 
 1.61000000e-01  2.51747802e+01 
 1.62000000e-01  2.51739518e+01 
 1.63000000e-01  2.51731132e+01 
 1.64000000e-01  2.51722640e+01 
 1.65000000e-01  2.51714044e+01 
 1.66000000e-01  2.51705340e+01 
 1.67000000e-01  2.51696527e+01 
 1.68000000e-01  2.51687605e+01 
 1.69000000e-01  2.51678572e+01 
 1.70000000e-01  2.51669427e+01 
 1.71000000e-01  2.51660168e+01 
 1.72000000e-01  2.51650794e+01 
 1.73000000e-01  2.51641304e+01 
 1.74000000e-01  2.51631695e+01 
 1.75000000e-01  2.51621968e+01 
 1.76000000e-01  2.51612119e+01 
 1.77000000e-01  2.51602149e+01 
 1.78000000e-01  2.51592054e+01 
 1.79000000e-01  2.51581835e+01 
 1.80000000e-01  2.51571488e+01 
 1.81000000e-01  2.51561013e+01 
 1.82000000e-01  2.51550409e+01 
 1.83000000e-01  2.51539673e+01 
 1.84000000e-01  2.51528804e+01 
 1.85000000e-01  2.51517801e+01 
 1.86000000e-01  2.51506661e+01 
 1.87000000e-01  2.51495384e+01 
 1.88000000e-01  2.51483967e+01 
 1.89000000e-01  2.51472408e+01 
 1.90000000e-01  2.51460707e+01 
 1.91000000e-01  2.51448861e+01 
 1.92000000e-01  2.51436869e+01 
 1.93000000e-01  2.51424729e+01 
 1.94000000e-01  2.51412439e+01 
 1.95000000e-01  2.51399997e+01 
 1.96000000e-01  2.51387402e+01 
 1.97000000e-01  2.51374651e+01 
 1.98000000e-01  2.51361744e+01 
 1.99000000e-01  2.51348677e+01 
 2.00000000e-01  2.51335449e+01 
 2.01000000e-01  2.51322058e+01 
 2.02000000e-01  2.51308503e+01 
 2.03000000e-01  2.51294780e+01 
 2.04000000e-01  2.51280889e+01 
 2.05000000e-01  2.51266827e+01 
 2.06000000e-01  2.51252592e+01 
 2.07000000e-01  2.51238183e+01 
 2.08000000e-01  2.51223596e+01 
 2.09000000e-01  2.51208830e+01 
 2.10000000e-01  2.51193883e+01 
 2.11000000e-01  2.51178753e+01 
 2.12000000e-01  2.51163438e+01 
 2.13000000e-01  2.51147934e+01 
 2.14000000e-01  2.51132241e+01 
 2.15000000e-01  2.51116356e+01 
 2.16000000e-01  2.51100276e+01 
 2.17000000e-01  2.51083999e+01 
 2.18000000e-01  2.51067524e+01 
 2.19000000e-01  2.51050847e+01 
 2.20000000e-01  2.51033967e+01 
 2.21000000e-01  2.51016880e+01 
 2.22000000e-01  2.50999585e+01 
 2.23000000e-01  2.50982079e+01 
 2.24000000e-01  2.50964359e+01 
 2.25000000e-01  2.50946424e+01 
 2.26000000e-01  2.50928270e+01 
 2.27000000e-01  2.50909896e+01 
 2.28000000e-01  2.50891298e+01 
 2.29000000e-01  2.50872473e+01 
 2.30000000e-01  2.50853420e+01 
 2.31000000e-01  2.50834136e+01 
 2.32000000e-01  2.50814618e+01 
 2.33000000e-01  2.50794862e+01 
 2.34000000e-01  2.50774868e+01 
 2.35000000e-01  2.50754631e+01 
 2.36000000e-01  2.50734149e+01 
 2.37000000e-01  2.50713419e+01 
 2.38000000e-01  2.50692438e+01 
 2.39000000e-01  2.50671204e+01 
 2.40000000e-01  2.50649713e+01 
 2.41000000e-01  2.50627963e+01 
 2.42000000e-01  2.50605950e+01 
 2.43000000e-01  2.50583672e+01 
 2.44000000e-01  2.50561126e+01 
 2.45000000e-01  2.50538308e+01 
 2.46000000e-01  2.50515216e+01 
 2.47000000e-01  2.50491846e+01 
 2.48000000e-01  2.50468195e+01 
 2.49000000e-01  2.50444260e+01 
 2.50000000e-01  2.50420038e+01 
 2.51000000e-01  2.50395526e+01 
 2.52000000e-01  2.50370720e+01 
 2.53000000e-01  2.50345617e+01 
 2.54000000e-01  2.50320213e+01 
 2.55000000e-01  2.50294506e+01 
 2.56000000e-01  2.50268492e+01 
 2.57000000e-01  2.50242167e+01 
 2.58000000e-01  2.50215529e+01 
 2.59000000e-01  2.50188573e+01 
 2.60000000e-01  2.50161295e+01 
 2.61000000e-01  2.50133694e+01 
 2.62000000e-01  2.50105764e+01 
 2.63000000e-01  2.50077503e+01 
 2.64000000e-01  2.50048906e+01 
 2.65000000e-01  2.50019970e+01 
 2.66000000e-01  2.49990692e+01 
 2.67000000e-01  2.49961067e+01 
 2.68000000e-01  2.49931091e+01 
 2.69000000e-01  2.49900761e+01 
 2.70000000e-01  2.49870074e+01 
 2.71000000e-01  2.49839024e+01 
 2.72000000e-01  2.49807609e+01 
 2.73000000e-01  2.49775824e+01 
 2.74000000e-01  2.49743665e+01 
 2.75000000e-01  2.49711129e+01 
 2.76000000e-01  2.49678211e+01 
 2.77000000e-01  2.49644906e+01 
 2.78000000e-01  2.49611212e+01 
 2.79000000e-01  2.49577124e+01 
 2.80000000e-01  2.49542637e+01 
 2.81000000e-01  2.49507748e+01 
 2.82000000e-01  2.49472451e+01 
 2.83000000e-01  2.49436744e+01 
 2.84000000e-01  2.49400621e+01 
 2.85000000e-01  2.49364079e+01 
 2.86000000e-01  2.49327112e+01 
 2.87000000e-01  2.49289717e+01 
 2.88000000e-01  2.49251888e+01 
 2.89000000e-01  2.49213622e+01 
 2.90000000e-01  2.49174914e+01 
 2.91000000e-01  2.49135759e+01 
 2.92000000e-01  2.49096153e+01 
 2.93000000e-01  2.49056091e+01 
 2.94000000e-01  2.49015569e+01 
 2.95000000e-01  2.48974581e+01 
 2.96000000e-01  2.48933123e+01 
 2.97000000e-01  2.48891191e+01 
 2.98000000e-01  2.48848779e+01 
 2.99000000e-01  2.48805883e+01 
 3.00000000e-01  2.48762498e+01 
 3.01000000e-01  2.48718618e+01 
 3.02000000e-01  2.48674240e+01 
 3.03000000e-01  2.48629358e+01 
 3.04000000e-01  2.48583967e+01 
 3.05000000e-01  2.48538062e+01 
 3.06000000e-01  2.48491638e+01 
 3.07000000e-01  2.48444690e+01 
 3.08000000e-01  2.48397213e+01 
 3.09000000e-01  2.48349202e+01 
 3.10000000e-01  2.48300652e+01 
 3.11000000e-01  2.48251557e+01 
 3.12000000e-01  2.48201912e+01 
 3.13000000e-01  2.48151712e+01 
 3.14000000e-01  2.48100952e+01 
 3.15000000e-01  2.48049627e+01 
 3.16000000e-01  2.47997730e+01 
 3.17000000e-01  2.47945258e+01 
 3.18000000e-01  2.47892204e+01 
 3.19000000e-01  2.47838563e+01 
 3.20000000e-01  2.47784330e+01 
 3.21000000e-01  2.47729499e+01 
 3.22000000e-01  2.47674065e+01 
 3.23000000e-01  2.47618022e+01 
 3.24000000e-01  2.47561365e+01 
 3.25000000e-01  2.47504088e+01 
 3.26000000e-01  2.47446186e+01 
 3.27000000e-01  2.47387653e+01 
 3.28000000e-01  2.47328484e+01 
 3.29000000e-01  2.47268673e+01 
 3.30000000e-01  2.47208215e+01 
 3.31000000e-01  2.47147103e+01 
 3.32000000e-01  2.47085333e+01 
 3.33000000e-01  2.47022898e+01 
 3.34000000e-01  2.46959793e+01 
 3.35000000e-01  2.46896013e+01 
 3.36000000e-01  2.46831551e+01 
 3.37000000e-01  2.46766402e+01 
 3.38000000e-01  2.46700560e+01 
 3.39000000e-01  2.46634020e+01 
 3.40000000e-01  2.46566775e+01 
 3.41000000e-01  2.46498821e+01 
 3.42000000e-01  2.46430151e+01 
 3.43000000e-01  2.46360760e+01 
 3.44000000e-01  2.46290642e+01 
 3.45000000e-01  2.46219791e+01 
 3.46000000e-01  2.46148202e+01 
 3.47000000e-01  2.46075869e+01 
 3.48000000e-01  2.46002786e+01 
 3.49000000e-01  2.45928948e+01 
 3.50000000e-01  2.45854349e+01 
 3.51000000e-01  2.45778982e+01 
 3.52000000e-01  2.45702844e+01 
 3.53000000e-01  2.45625927e+01 
 3.54000000e-01  2.45548227e+01 
 3.55000000e-01  2.45469737e+01 
 3.56000000e-01  2.45390453e+01 
 3.57000000e-01  2.45310368e+01 
 3.58000000e-01  2.45229477e+01 
 3.59000000e-01  2.45147775e+01 
 3.60000000e-01  2.45065256e+01 
 3.61000000e-01  2.44981915e+01 
 3.62000000e-01  2.44897746e+01 
 3.63000000e-01  2.44812743e+01 
 3.64000000e-01  2.44726902e+01 
 3.65000000e-01  2.44640218e+01 
 3.66000000e-01  2.44552684e+01 
 3.67000000e-01  2.44464295e+01 
 3.68000000e-01  2.44375048e+01 
 3.69000000e-01  2.44284935e+01 
 3.70000000e-01  2.44193953e+01 
 3.71000000e-01  2.44102096e+01 
 3.72000000e-01  2.44009360e+01 
 3.73000000e-01  2.43915738e+01 
 3.74000000e-01  2.43821227e+01 
 3.75000000e-01  2.43725822e+01 
 3.76000000e-01  2.43629518e+01 
 3.77000000e-01  2.43532310e+01 
 3.78000000e-01  2.43434193e+01 
 3.79000000e-01  2.43335164e+01 
 3.80000000e-01  2.43235217e+01 
 3.81000000e-01  2.43134349e+01 
 3.82000000e-01  2.43032554e+01 
 3.83000000e-01  2.42929830e+01 
 3.84000000e-01  2.42826171e+01 
 3.85000000e-01  2.42721574e+01 
 3.86000000e-01  2.42616034e+01 
 3.87000000e-01  2.42509549e+01 
 3.88000000e-01  2.42402113e+01 
 3.89000000e-01  2.42293724e+01 
 3.90000000e-01  2.42184379e+01 
 3.91000000e-01  2.42074072e+01 
 3.92000000e-01  2.41962802e+01 
 3.93000000e-01  2.41850565e+01 
 3.94000000e-01  2.41737359e+01 
 3.95000000e-01  2.41623179e+01 
 3.96000000e-01  2.41508023e+01 
 3.97000000e-01  2.41391889e+01 
 3.98000000e-01  2.41274774e+01 
 3.99000000e-01  2.41156676e+01 
 4.00000000e-01  2.41037592e+01 
 4.01000000e-01  2.40917520e+01 
 4.02000000e-01  2.40796458e+01 
 4.03000000e-01  2.40674404e+01 
 4.04000000e-01  2.40551358e+01 
 4.05000000e-01  2.40427316e+01 
 4.06000000e-01  2.40302277e+01 
 4.07000000e-01  2.40176242e+01 
 4.08000000e-01  2.40049207e+01 
 4.09000000e-01  2.39921173e+01 
 4.10000000e-01  2.39792139e+01 
 4.11000000e-01  2.39662104e+01 
 4.12000000e-01  2.39531068e+01 
 4.13000000e-01  2.39399030e+01 
 4.14000000e-01  2.39265991e+01 
 4.15000000e-01  2.39131951e+01 
 4.16000000e-01  2.38996910e+01 
 4.17000000e-01  2.38860869e+01 
 4.18000000e-01  2.38723828e+01 
 4.19000000e-01  2.38585789e+01 
 4.20000000e-01  2.38446752e+01 
 4.21000000e-01  2.38306720e+01 
 4.22000000e-01  2.38165693e+01 
 4.23000000e-01  2.38023673e+01 
 4.24000000e-01  2.37880662e+01 
 4.25000000e-01  2.37736663e+01 
 4.26000000e-01  2.37591678e+01 
 4.27000000e-01  2.37445710e+01 
 4.28000000e-01  2.37298760e+01 
 4.29000000e-01  2.37150834e+01 
 4.30000000e-01  2.37001932e+01 
 4.31000000e-01  2.36852061e+01 
 4.32000000e-01  2.36701222e+01 
 4.33000000e-01  2.36549420e+01 
 4.34000000e-01  2.36396659e+01 
 4.35000000e-01  2.36242944e+01 
 4.36000000e-01  2.36088278e+01 
 4.37000000e-01  2.35932668e+01 
 4.38000000e-01  2.35776118e+01 
 4.39000000e-01  2.35618634e+01 
 4.40000000e-01  2.35460220e+01 
 4.41000000e-01  2.35300883e+01 
 4.42000000e-01  2.35140629e+01 
 4.43000000e-01  2.34979464e+01 
 4.44000000e-01  2.34817395e+01 
 4.45000000e-01  2.34654428e+01 
 4.46000000e-01  2.34490569e+01 
 4.47000000e-01  2.34325827e+01 
 4.48000000e-01  2.34160208e+01 
 4.49000000e-01  2.33993721e+01 
 4.50000000e-01  2.33826372e+01 
 4.51000000e-01  2.33658170e+01 
 4.52000000e-01  2.33489122e+01 
 4.53000000e-01  2.33319239e+01 
 4.54000000e-01  2.33148526e+01 
 4.55000000e-01  2.32976995e+01 
 4.56000000e-01  2.32804653e+01 
 4.57000000e-01  2.32631509e+01 
 4.58000000e-01  2.32457574e+01 
 4.59000000e-01  2.32282856e+01 
 4.60000000e-01  2.32107365e+01 
 4.61000000e-01  2.31931110e+01 
 4.62000000e-01  2.31754102e+01 
 4.63000000e-01  2.31576351e+01 
 4.64000000e-01  2.31397867e+01 
 4.65000000e-01  2.31218659e+01 
 4.66000000e-01  2.31038740e+01 
 4.67000000e-01  2.30858118e+01 
 4.68000000e-01  2.30676805e+01 
 4.69000000e-01  2.30494811e+01 
 4.70000000e-01  2.30312148e+01 
 4.71000000e-01  2.30128825e+01 
 4.72000000e-01  2.29944854e+01 
 4.73000000e-01  2.29760245e+01 
 4.74000000e-01  2.29575010e+01 
 4.75000000e-01  2.29389159e+01 
 4.76000000e-01  2.29202703e+01 
 4.77000000e-01  2.29015654e+01 
 4.78000000e-01  2.28828021e+01 
 4.79000000e-01  2.28639816e+01 
 4.80000000e-01  2.28451049e+01 
 4.81000000e-01  2.28261731e+01 
 4.82000000e-01  2.28071873e+01 
 4.83000000e-01  2.27881484e+01 
 4.84000000e-01  2.27690575e+01 
 4.85000000e-01  2.27499156e+01 
 4.86000000e-01  2.27307237e+01 
 4.87000000e-01  2.27114828e+01 
 4.88000000e-01  2.26921937e+01 
 4.89000000e-01  2.26728575e+01 
 4.90000000e-01  2.26534750e+01 
 4.91000000e-01  2.26340471e+01 
 4.92000000e-01  2.26145746e+01 
 4.93000000e-01  2.25950583e+01 
 4.94000000e-01  2.25754991e+01 
 4.95000000e-01  2.25558975e+01 
 4.96000000e-01  2.25362544e+01 
 4.97000000e-01  2.25165703e+01 
 4.98000000e-01  2.24968458e+01 
 4.99000000e-01  2.24770816e+01 
 5.00000000e-01  2.24572782e+01 
 5.01000000e-01  2.24374359e+01 
 5.02000000e-01  2.24175551e+01 
 5.03000000e-01  2.23976364e+01 
 5.04000000e-01  2.23776798e+01 
 5.05000000e-01  2.23576856e+01 
 5.06000000e-01  2.23376541e+01 
 5.07000000e-01  2.23175852e+01 
 5.08000000e-01  2.22974790e+01 
 5.09000000e-01  2.22773355e+01 
 5.10000000e-01  2.22571545e+01 
 5.11000000e-01  2.22369358e+01 
 5.12000000e-01  2.22166792e+01 
 5.13000000e-01  2.21963842e+01 
 5.14000000e-01  2.21760505e+01 
 5.15000000e-01  2.21556774e+01 
 5.16000000e-01  2.21352644e+01 
 5.17000000e-01  2.21148108e+01 
 5.18000000e-01  2.20943156e+01 
 5.19000000e-01  2.20737781e+01 
 5.20000000e-01  2.20531972e+01 
 5.21000000e-01  2.20325718e+01 
 5.22000000e-01  2.20119007e+01 
 5.23000000e-01  2.19911825e+01 
 5.24000000e-01  2.19704159e+01 
 5.25000000e-01  2.19495994e+01 
 5.26000000e-01  2.19287312e+01 
 5.27000000e-01  2.19078096e+01 
 5.28000000e-01  2.18868327e+01 
 5.29000000e-01  2.18657986e+01 
 5.30000000e-01  2.18447052e+01 
 5.31000000e-01  2.18235503e+01 
 5.32000000e-01  2.18023314e+01 
 5.33000000e-01  2.17810462e+01 
 5.34000000e-01  2.17596921e+01 
 5.35000000e-01  2.17382663e+01 
 5.36000000e-01  2.17167661e+01 
 5.37000000e-01  2.16951885e+01 
 5.38000000e-01  2.16735304e+01 
 5.39000000e-01  2.16517887e+01 
 5.40000000e-01  2.16299601e+01 
 5.41000000e-01  2.16080410e+01 
 5.42000000e-01  2.15860280e+01 
 5.43000000e-01  2.15639174e+01 
 5.44000000e-01  2.15417053e+01 
 5.45000000e-01  2.15193879e+01 
 5.46000000e-01  2.14969610e+01 
 5.47000000e-01  2.14744206e+01 
 5.48000000e-01  2.14517624e+01 
 5.49000000e-01  2.14289820e+01 
 5.50000000e-01  2.14060748e+01 
 5.51000000e-01  2.13830363e+01 
 5.52000000e-01  2.13598617e+01 
 5.53000000e-01  2.13365462e+01 
 5.54000000e-01  2.13130849e+01 
 5.55000000e-01  2.12894727e+01 
 5.56000000e-01  2.12657045e+01 
 5.57000000e-01  2.12417750e+01 
 5.58000000e-01  2.12176790e+01 
 5.59000000e-01  2.11934111e+01 
 5.60000000e-01  2.11689656e+01 
 5.61000000e-01  2.11443372e+01 
 5.62000000e-01  2.11195200e+01 
 5.63000000e-01  2.10945085e+01 
 5.64000000e-01  2.10692967e+01 
 5.65000000e-01  2.10438788e+01 
 5.66000000e-01  2.10182490e+01 
 5.67000000e-01  2.09924013e+01 
 5.68000000e-01  2.09663296e+01 
 5.69000000e-01  2.09400279e+01 
 5.70000000e-01  2.09134900e+01 
 5.71000000e-01  2.08867100e+01 
 5.72000000e-01  2.08596815e+01 
 5.73000000e-01  2.08323985e+01 
 5.74000000e-01  2.08048548e+01 
 5.75000000e-01  2.07770441e+01 
 5.76000000e-01  2.07489602e+01 
 5.77000000e-01  2.07205970e+01 
 5.78000000e-01  2.06919483e+01 
 5.79000000e-01  2.06630079e+01 
 5.80000000e-01  2.06337696e+01 
 5.81000000e-01  2.06042275e+01 
 5.82000000e-01  2.05743752e+01 
 5.83000000e-01  2.05442069e+01 
 5.84000000e-01  2.05137166e+01 
 5.85000000e-01  2.04828983e+01 
 5.86000000e-01  2.04517461e+01 
 5.87000000e-01  2.04202543e+01 
 5.88000000e-01  2.03884171e+01 
 5.89000000e-01  2.03562289e+01 
 5.90000000e-01  2.03236842e+01 
 5.91000000e-01  2.02907774e+01 
 5.92000000e-01  2.02575033e+01 
 5.93000000e-01  2.02238565e+01 
 5.94000000e-01  2.01898321e+01 
 5.95000000e-01  2.01554249e+01 
 5.96000000e-01  2.01206301e+01 
 5.97000000e-01  2.00854429e+01 
 5.98000000e-01  2.00498587e+01 
 5.99000000e-01  2.00138731e+01 
 6.00000000e-01  1.99774818e+01 
 6.01000000e-01  1.99406805e+01 
 6.02000000e-01  1.99034653e+01 
 6.03000000e-01  1.98658324e+01 
 6.04000000e-01  1.98277781e+01 
 6.05000000e-01  1.97892989e+01 
 6.06000000e-01  1.97503916e+01 
 6.07000000e-01  1.97110529e+01 
 6.08000000e-01  1.96712801e+01 
 6.09000000e-01  1.96310702e+01 
 6.10000000e-01  1.95904209e+01 
 6.11000000e-01  1.95493297e+01 
 6.12000000e-01  1.95077946e+01 
 6.13000000e-01  1.94658136e+01 
 6.14000000e-01  1.94233849e+01 
 6.15000000e-01  1.93805071e+01 
 6.16000000e-01  1.93371789e+01 
 6.17000000e-01  1.92933992e+01 
 6.18000000e-01  1.92491671e+01 
 6.19000000e-01  1.92044821e+01 
 6.20000000e-01  1.91593436e+01 
 6.21000000e-01  1.91137516e+01 
 6.22000000e-01  1.90677059e+01 
 6.23000000e-01  1.90212070e+01 
 6.24000000e-01  1.89742552e+01 
 6.25000000e-01  1.89268512e+01 
 6.26000000e-01  1.88789961e+01 
 6.27000000e-01  1.88306909e+01 
 6.28000000e-01  1.87819369e+01 
 6.29000000e-01  1.87327359e+01 
 6.30000000e-01  1.86830896e+01 
 6.31000000e-01  1.86330001e+01 
 6.32000000e-01  1.85824696e+01 
 6.33000000e-01  1.85315005e+01 
 6.34000000e-01  1.84800956e+01 
 6.35000000e-01  1.84282578e+01 
 6.36000000e-01  1.83759902e+01 
 6.37000000e-01  1.83232960e+01 
 6.38000000e-01  1.82701789e+01 
 6.39000000e-01  1.82166425e+01 
 6.40000000e-01  1.81626908e+01 
 6.41000000e-01  1.81083279e+01 
 6.42000000e-01  1.80535580e+01 
 6.43000000e-01  1.79983857e+01 
 6.44000000e-01  1.79428157e+01 
 6.45000000e-01  1.78868529e+01 
 6.46000000e-01  1.78305022e+01 
 6.47000000e-01  1.77737688e+01 
 6.48000000e-01  1.77166583e+01 
 6.49000000e-01  1.76591760e+01 
 6.50000000e-01  1.76013277e+01 
 6.51000000e-01  1.75431193e+01 
 6.52000000e-01  1.74845567e+01 
 6.53000000e-01  1.74256461e+01 
 6.54000000e-01  1.73663938e+01 
 6.55000000e-01  1.73068062e+01 
 6.56000000e-01  1.72468898e+01 
 6.57000000e-01  1.71866513e+01 
 6.58000000e-01  1.71260976e+01 
 6.59000000e-01  1.70652354e+01 
 6.60000000e-01  1.70040719e+01 
 6.61000000e-01  1.69426141e+01 
 6.62000000e-01  1.68808693e+01 
 6.63000000e-01  1.68188446e+01 
 6.64000000e-01  1.67565477e+01 
 6.65000000e-01  1.66939858e+01 
 6.66000000e-01  1.66311666e+01 
 6.67000000e-01  1.65680976e+01 
 6.68000000e-01  1.65047866e+01 
 6.69000000e-01  1.64412413e+01 
 6.70000000e-01  1.63774695e+01 
 6.71000000e-01  1.63134790e+01 
 6.72000000e-01  1.62492778e+01 
 6.73000000e-01  1.61848737e+01 
 6.74000000e-01  1.61202747e+01 
 6.75000000e-01  1.60554888e+01 
 6.76000000e-01  1.59905241e+01 
 6.77000000e-01  1.59253885e+01 
 6.78000000e-01  1.58600902e+01 
 6.79000000e-01  1.57946371e+01 
 6.80000000e-01  1.57290374e+01 
 6.81000000e-01  1.56632990e+01 
 6.82000000e-01  1.55974301e+01 
 6.83000000e-01  1.55314388e+01 
 6.84000000e-01  1.54653330e+01 
 6.85000000e-01  1.53991207e+01 
 6.86000000e-01  1.53328100e+01 
 6.87000000e-01  1.52664089e+01 
 6.88000000e-01  1.51999253e+01 
 6.89000000e-01  1.51333670e+01 
 6.90000000e-01  1.50667421e+01 
 6.91000000e-01  1.50000582e+01 
 6.92000000e-01  1.49333232e+01 
 6.93000000e-01  1.48665448e+01 
 6.94000000e-01  1.47997308e+01 
 6.95000000e-01  1.47328887e+01 
 6.96000000e-01  1.46660261e+01 
 6.97000000e-01  1.45991506e+01 
 6.98000000e-01  1.45322695e+01 
 6.99000000e-01  1.44653904e+01 
 7.00000000e-01  1.43985204e+01 
 7.01000000e-01  1.43316668e+01 
 7.02000000e-01  1.42648369e+01 
 7.03000000e-01  1.41980376e+01 
 7.04000000e-01  1.41312760e+01 
 7.05000000e-01  1.40645591e+01 
 7.06000000e-01  1.39978936e+01 
 7.07000000e-01  1.39312864e+01 
 7.08000000e-01  1.38647442e+01 
 7.09000000e-01  1.37982734e+01 
 7.10000000e-01  1.37318806e+01 
 7.11000000e-01  1.36655723e+01 
 7.12000000e-01  1.35993546e+01 
 7.13000000e-01  1.35332339e+01 
 7.14000000e-01  1.34672163e+01 
 7.15000000e-01  1.34013077e+01 
 7.16000000e-01  1.33355142e+01 
 7.17000000e-01  1.32698414e+01 
 7.18000000e-01  1.32042952e+01 
 7.19000000e-01  1.31388812e+01 
 7.20000000e-01  1.30736049e+01 
 7.21000000e-01  1.30084718e+01 
 7.22000000e-01  1.29434870e+01 
 7.23000000e-01  1.28786559e+01 
 7.24000000e-01  1.28139836e+01 
 7.25000000e-01  1.27494750e+01 
 7.26000000e-01  1.26851350e+01 
 7.27000000e-01  1.26209686e+01 
 7.28000000e-01  1.25569803e+01 
 7.29000000e-01  1.24931747e+01 
 7.30000000e-01  1.24295563e+01 
 7.31000000e-01  1.23661295e+01 
 7.32000000e-01  1.23028986e+01 
 7.33000000e-01  1.22398677e+01 
 7.34000000e-01  1.21770410e+01 
 7.35000000e-01  1.21144222e+01 
 7.36000000e-01  1.20520154e+01 
 7.37000000e-01  1.19898243e+01 
 7.38000000e-01  1.19278525e+01 
 7.39000000e-01  1.18661036e+01 
 7.40000000e-01  1.18045810e+01 
 7.41000000e-01  1.17432881e+01 
 7.42000000e-01  1.16822281e+01 
 7.43000000e-01  1.16214042e+01 
 7.44000000e-01  1.15608194e+01 
 7.45000000e-01  1.15004767e+01 
 7.46000000e-01  1.14403789e+01 
 7.47000000e-01  1.13805288e+01 
 7.48000000e-01  1.13209291e+01 
 7.49000000e-01  1.12615824e+01 
 7.50000000e-01  1.12024911e+01 
 7.51000000e-01  1.11436576e+01 
 7.52000000e-01  1.10850842e+01 
 7.53000000e-01  1.10267731e+01 
 7.54000000e-01  1.09687265e+01 
 7.55000000e-01  1.09109463e+01 
 7.56000000e-01  1.08534345e+01 
 7.57000000e-01  1.07961930e+01 
 7.58000000e-01  1.07392236e+01 
 7.59000000e-01  1.06825278e+01 
 7.60000000e-01  1.06261075e+01 
 7.61000000e-01  1.05699639e+01 
 7.62000000e-01  1.05140988e+01 
 7.63000000e-01  1.04585132e+01 
 7.64000000e-01  1.04032087e+01 
 7.65000000e-01  1.03481864e+01 
 7.66000000e-01  1.02934473e+01 
 7.67000000e-01  1.02389927e+01 
 7.68000000e-01  1.01848235e+01 
 7.69000000e-01  1.01309406e+01 
 7.70000000e-01  1.00773448e+01 
 7.71000000e-01  1.00240370e+01 
 7.72000000e-01  9.97101790e+00 
 7.73000000e-01  9.91828808e+00 
 7.74000000e-01  9.86584817e+00 
 7.75000000e-01  9.81369867e+00 
 7.76000000e-01  9.76184006e+00 
 7.77000000e-01  9.71027273e+00 
 7.78000000e-01  9.65899701e+00 
 7.79000000e-01  9.60801318e+00 
 7.80000000e-01  9.55732147e+00 
 7.81000000e-01  9.50692203e+00 
 7.82000000e-01  9.45681499e+00 
 7.83000000e-01  9.40700038e+00 
 7.84000000e-01  9.35747822e+00 
 7.85000000e-01  9.30824844e+00 
 7.86000000e-01  9.25931097e+00 
 7.87000000e-01  9.21066563e+00 
 7.88000000e-01  9.16231225e+00 
 7.89000000e-01  9.11425056e+00 
 7.90000000e-01  9.06648029e+00 
 7.91000000e-01  9.01900109e+00 
 7.92000000e-01  8.97181258e+00 
 7.93000000e-01  8.92491436e+00 
 7.94000000e-01  8.87830594e+00 
 7.95000000e-01  8.83198683e+00 
 7.96000000e-01  8.78595649e+00 
 7.97000000e-01  8.74021434e+00 
 7.98000000e-01  8.69475975e+00 
 7.99000000e-01  8.64959207e+00 
 8.00000000e-01  8.60471062e+00 
 8.01000000e-01  8.56011467e+00 
 8.02000000e-01  8.51580346e+00 
 8.03000000e-01  8.47177621e+00 
 8.04000000e-01  8.42803210e+00 
 8.05000000e-01  8.38457026e+00 
 8.06000000e-01  8.34138984e+00 
 8.07000000e-01  8.29848991e+00 
 8.08000000e-01  8.25586955e+00 
 8.09000000e-01  8.21352778e+00 
 8.10000000e-01  8.17146363e+00 
 8.11000000e-01  8.12967607e+00 
 8.12000000e-01  8.08816408e+00 
 8.13000000e-01  8.04692660e+00 
 8.14000000e-01  8.00596253e+00 
 8.15000000e-01  7.96527079e+00 
 8.16000000e-01  7.92485023e+00 
 8.17000000e-01  7.88469973e+00 
 8.18000000e-01  7.84481811e+00 
 8.19000000e-01  7.80520415e+00 
 8.20000000e-01  7.76585642e+00 
 8.21000000e-01  7.72677399e+00 
 8.22000000e-01  7.68795562e+00 
 8.23000000e-01  7.64940006e+00 
 8.24000000e-01  7.61110604e+00 
 8.25000000e-01  7.57307229e+00 
 8.26000000e-01  7.53529752e+00 
 8.27000000e-01  7.49778042e+00 
 8.28000000e-01  7.46051967e+00 
 8.29000000e-01  7.42351395e+00 
 8.30000000e-01  7.38676192e+00 
 8.31000000e-01  7.35026223e+00 
 8.32000000e-01  7.31401351e+00 
 8.33000000e-01  7.27801440e+00 
 8.34000000e-01  7.24226352e+00 
 8.35000000e-01  7.20675949e+00 
 8.36000000e-01  7.17150090e+00 
 8.37000000e-01  7.13648636e+00 
 8.38000000e-01  7.10171446e+00 
 8.39000000e-01  7.06718379e+00 
 8.40000000e-01  7.03289292e+00 
 8.41000000e-01  6.99884043e+00 
 8.42000000e-01  6.96502489e+00 
 8.43000000e-01  6.93144486e+00 
 8.44000000e-01  6.89809890e+00 
 8.45000000e-01  6.86498558e+00 
 8.46000000e-01  6.83210345e+00 
 8.47000000e-01  6.79945106e+00 
 8.48000000e-01  6.76702695e+00 
 8.49000000e-01  6.73482968e+00 
 8.50000000e-01  6.70285779e+00 
 8.51000000e-01  6.67110983e+00 
 8.52000000e-01  6.63958434e+00 
 8.53000000e-01  6.60827986e+00 
 8.54000000e-01  6.57719493e+00 
 8.55000000e-01  6.54632811e+00 
 8.56000000e-01  6.51567793e+00 
 8.57000000e-01  6.48524293e+00 
 8.58000000e-01  6.45502167e+00 
 8.59000000e-01  6.42501269e+00 
 8.60000000e-01  6.39521453e+00 
 8.61000000e-01  6.36562575e+00 
 8.62000000e-01  6.33624490e+00 
 8.63000000e-01  6.30707053e+00 
 8.64000000e-01  6.27810120e+00 
 8.65000000e-01  6.24933547e+00 
 8.66000000e-01  6.22077190e+00 
 8.67000000e-01  6.19240907e+00 
 8.68000000e-01  6.16424553e+00 
 8.69000000e-01  6.13627986e+00 
 8.70000000e-01  6.10851065e+00 
 8.71000000e-01  6.08093647e+00 
 8.72000000e-01  6.05355590e+00 
 8.73000000e-01  6.02636755e+00 
 8.74000000e-01  5.99936999e+00 
 8.75000000e-01  5.97256184e+00 
 8.76000000e-01  5.94594170e+00 
 8.77000000e-01  5.91950818e+00 
 8.78000000e-01  5.89325989e+00 
 8.79000000e-01  5.86719545e+00 
 8.80000000e-01  5.84131350e+00 
 8.81000000e-01  5.81561265e+00 
 8.82000000e-01  5.79009156e+00 
 8.83000000e-01  5.76474887e+00 
 8.84000000e-01  5.73958322e+00 
 8.85000000e-01  5.71459327e+00 
 8.86000000e-01  5.68977768e+00 
 8.87000000e-01  5.66513513e+00 
 8.88000000e-01  5.64066429e+00 
 8.89000000e-01  5.61636384e+00 
 8.90000000e-01  5.59223246e+00 
 8.91000000e-01  5.56826887e+00 
 8.92000000e-01  5.54447175e+00 
 8.93000000e-01  5.52083982e+00 
 8.94000000e-01  5.49737179e+00 
 8.95000000e-01  5.47406639e+00 
 8.96000000e-01  5.45092235e+00 
 8.97000000e-01  5.42793840e+00 
 8.98000000e-01  5.40511330e+00 
 8.99000000e-01  5.38244578e+00 
 9.00000000e-01  5.35993463e+00 
 9.01000000e-01  5.33757859e+00 
 9.02000000e-01  5.31537645e+00 
 9.03000000e-01  5.29332699e+00 
 9.04000000e-01  5.27142900e+00 
 9.05000000e-01  5.24968127e+00 
 9.06000000e-01  5.22808262e+00 
 9.07000000e-01  5.20663185e+00 
 9.08000000e-01  5.18532778e+00 
 9.09000000e-01  5.16416924e+00 
 9.10000000e-01  5.14315507e+00 
 9.11000000e-01  5.12228411e+00 
 9.12000000e-01  5.10155522e+00 
 9.13000000e-01  5.08096724e+00 
 9.14000000e-01  5.06051906e+00 
 9.15000000e-01  5.04020954e+00 
 9.16000000e-01  5.02003756e+00 
 9.17000000e-01  5.00000202e+00 
 9.18000000e-01  4.98010181e+00 
 9.19000000e-01  4.96033584e+00 
 9.20000000e-01  4.94070302e+00 
 9.21000000e-01  4.92120228e+00 
 9.22000000e-01  4.90183254e+00 
 9.23000000e-01  4.88259274e+00 
 9.24000000e-01  4.86348183e+00 
 9.25000000e-01  4.84449875e+00 
 9.26000000e-01  4.82564247e+00 
 9.27000000e-01  4.80691196e+00 
 9.28000000e-01  4.78830619e+00 
 9.29000000e-01  4.76982414e+00 
 9.30000000e-01  4.75146480e+00 
 9.31000000e-01  4.73322719e+00 
 9.32000000e-01  4.71511029e+00 
 9.33000000e-01  4.69711313e+00 
 9.34000000e-01  4.67923472e+00 
 9.35000000e-01  4.66147410e+00 
 9.36000000e-01  4.64383030e+00 
 9.37000000e-01  4.62630237e+00 
 9.38000000e-01  4.60888936e+00 
 9.39000000e-01  4.59159033e+00 
 9.40000000e-01  4.57440434e+00 
 9.41000000e-01  4.55733047e+00 
 9.42000000e-01  4.54036780e+00 
 9.43000000e-01  4.52351543e+00 
 9.44000000e-01  4.50677243e+00 
 9.45000000e-01  4.49013793e+00 
 9.46000000e-01  4.47361103e+00 
 9.47000000e-01  4.45719085e+00 
 9.48000000e-01  4.44087651e+00 
 9.49000000e-01  4.42466715e+00 
 9.50000000e-01  4.40856190e+00 
 9.51000000e-01  4.39255992e+00 
 9.52000000e-01  4.37666036e+00 
 9.53000000e-01  4.36086237e+00 
 9.54000000e-01  4.34516513e+00 
 9.55000000e-01  4.32956781e+00 
 9.56000000e-01  4.31406959e+00 
 9.57000000e-01  4.29866966e+00 
 9.58000000e-01  4.28336721e+00 
 9.59000000e-01  4.26816146e+00 
 9.60000000e-01  4.25305160e+00 
 9.61000000e-01  4.23803685e+00 
 9.62000000e-01  4.22311643e+00 
 9.63000000e-01  4.20828958e+00 
 9.64000000e-01  4.19355553e+00 
 9.65000000e-01  4.17891352e+00 
 9.66000000e-01  4.16436279e+00 
 9.67000000e-01  4.14990261e+00 
 9.68000000e-01  4.13553223e+00 
 9.69000000e-01  4.12125093e+00 
 9.70000000e-01  4.10705797e+00 
 9.71000000e-01  4.09295264e+00 
 9.72000000e-01  4.07893422e+00 
 9.73000000e-01  4.06500201e+00 
 9.74000000e-01  4.05115530e+00 
 9.75000000e-01  4.03739341e+00 
 9.76000000e-01  4.02371563e+00 
 9.77000000e-01  4.01012129e+00 
 9.78000000e-01  3.99660971e+00 
 9.79000000e-01  3.98318022e+00 
 9.80000000e-01  3.96983215e+00 
 9.81000000e-01  3.95656485e+00 
 9.82000000e-01  3.94337765e+00 
 9.83000000e-01  3.93026993e+00 
 9.84000000e-01  3.91724102e+00 
 9.85000000e-01  3.90429030e+00 
 9.86000000e-01  3.89141713e+00 
 9.87000000e-01  3.87862089e+00 
 9.88000000e-01  3.86590096e+00 
 9.89000000e-01  3.85325672e+00 
 9.90000000e-01  3.84068757e+00 
 9.91000000e-01  3.82819291e+00 
 9.92000000e-01  3.81577212e+00 
 9.93000000e-01  3.80342463e+00 
 9.94000000e-01  3.79114985e+00 
 9.95000000e-01  3.77894719e+00 
 9.96000000e-01  3.76681607e+00 
 9.97000000e-01  3.75475593e+00 
 9.98000000e-01  3.74276620e+00 
 9.99000000e-01  3.73084631e+00 
 1.00000000e+00  3.71899571e+00 
