 0.00000000e+00  8.16961692e+01 
 1.00000000e-03  8.17003972e+01 
 2.00000000e-03  8.17046239e+01 
 3.00000000e-03  8.17088492e+01 
 4.00000000e-03  8.17130731e+01 
 5.00000000e-03  8.17172956e+01 
 6.00000000e-03  8.17215167e+01 
 7.00000000e-03  8.17257364e+01 
 8.00000000e-03  8.17299545e+01 
 9.00000000e-03  8.17341712e+01 
 1.00000000e-02  8.17383863e+01 
 1.10000000e-02  8.17425999e+01 
 1.20000000e-02  8.17468119e+01 
 1.30000000e-02  8.17510222e+01 
 1.40000000e-02  8.17552310e+01 
 1.50000000e-02  8.17594380e+01 
 1.60000000e-02  8.17636434e+01 
 1.70000000e-02  8.17678471e+01 
 1.80000000e-02  8.17720490e+01 
 1.90000000e-02  8.17762491e+01 
 2.00000000e-02  8.17804474e+01 
 2.10000000e-02  8.17846438e+01 
 2.20000000e-02  8.17888384e+01 
 2.30000000e-02  8.17930311e+01 
 2.40000000e-02  8.17972218e+01 
 2.50000000e-02  8.18014106e+01 
 2.60000000e-02  8.18055973e+01 
 2.70000000e-02  8.18097821e+01 
 2.80000000e-02  8.18139647e+01 
 2.90000000e-02  8.18181453e+01 
 3.00000000e-02  8.18223237e+01 
 3.10000000e-02  8.18265000e+01 
 3.20000000e-02  8.18306740e+01 
 3.30000000e-02  8.18348458e+01 
 3.40000000e-02  8.18390153e+01 
 3.50000000e-02  8.18431826e+01 
 3.60000000e-02  8.18473474e+01 
 3.70000000e-02  8.18515099e+01 
 3.80000000e-02  8.18556699e+01 
 3.90000000e-02  8.18598275e+01 
 4.00000000e-02  8.18639826e+01 
 4.10000000e-02  8.18681352e+01 
 4.20000000e-02  8.18722851e+01 
 4.30000000e-02  8.18764324e+01 
 4.40000000e-02  8.18805771e+01 
 4.50000000e-02  8.18847191e+01 
 4.60000000e-02  8.18888583e+01 
 4.70000000e-02  8.18929947e+01 
 4.80000000e-02  8.18971283e+01 
 4.90000000e-02  8.19012590e+01 
 5.00000000e-02  8.19053867e+01 
 5.10000000e-02  8.19095115e+01 
 5.20000000e-02  8.19136333e+01 
 5.30000000e-02  8.19177521e+01 
 5.40000000e-02  8.19218677e+01 
 5.50000000e-02  8.19259802e+01 
 5.60000000e-02  8.19300894e+01 
 5.70000000e-02  8.19341954e+01 
 5.80000000e-02  8.19382982e+01 
 5.90000000e-02  8.19423975e+01 
 6.00000000e-02  8.19464935e+01 
 6.10000000e-02  8.19505860e+01 
 6.20000000e-02  8.19546750e+01 
 6.30000000e-02  8.19587604e+01 
 6.40000000e-02  8.19628422e+01 
 6.50000000e-02  8.19669204e+01 
 6.60000000e-02  8.19709948e+01 
 6.70000000e-02  8.19750655e+01 
 6.80000000e-02  8.19791323e+01 
 6.90000000e-02  8.19831952e+01 
 7.00000000e-02  8.19872542e+01 
 7.10000000e-02  8.19913092e+01 
 7.20000000e-02  8.19953601e+01 
 7.30000000e-02  8.19994068e+01 
 7.40000000e-02  8.20034494e+01 
 7.50000000e-02  8.20074878e+01 
 7.60000000e-02  8.20115218e+01 
 7.70000000e-02  8.20155514e+01 
 7.80000000e-02  8.20195767e+01 
 7.90000000e-02  8.20235974e+01 
 8.00000000e-02  8.20276135e+01 
 8.10000000e-02  8.20316250e+01 
 8.20000000e-02  8.20356318e+01 
 8.30000000e-02  8.20396338e+01 
 8.40000000e-02  8.20436309e+01 
 8.50000000e-02  8.20476232e+01 
 8.60000000e-02  8.20516104e+01 
 8.70000000e-02  8.20555926e+01 
 8.80000000e-02  8.20595697e+01 
 8.90000000e-02  8.20635416e+01 
 9.00000000e-02  8.20675082e+01 
 9.10000000e-02  8.20714694e+01 
 9.20000000e-02  8.20754252e+01 
 9.30000000e-02  8.20793755e+01 
 9.40000000e-02  8.20833201e+01 
 9.50000000e-02  8.20872592e+01 
 9.60000000e-02  8.20911924e+01 
 9.70000000e-02  8.20951198e+01 
 9.80000000e-02  8.20990413e+01 
 9.90000000e-02  8.21029568e+01 
 1.00000000e-01  8.21068662e+01 
 1.01000000e-01  8.21107695e+01 
 1.02000000e-01  8.21146664e+01 
 1.03000000e-01  8.21185570e+01 
 1.04000000e-01  8.21224412e+01 
 1.05000000e-01  8.21263188e+01 
 1.06000000e-01  8.21301898e+01 
 1.07000000e-01  8.21340541e+01 
 1.08000000e-01  8.21379116e+01 
 1.09000000e-01  8.21417621e+01 
 1.10000000e-01  8.21456057e+01 
 1.11000000e-01  8.21494421e+01 
 1.12000000e-01  8.21532713e+01 
 1.13000000e-01  8.21570933e+01 
 1.14000000e-01  8.21609078e+01 
 1.15000000e-01  8.21647147e+01 
 1.16000000e-01  8.21685141e+01 
 1.17000000e-01  8.21723057e+01 
 1.18000000e-01  8.21760895e+01 
 1.19000000e-01  8.21798654e+01 
 1.20000000e-01  8.21836332e+01 
 1.21000000e-01  8.21873928e+01 
 1.22000000e-01  8.21911441e+01 
 1.23000000e-01  8.21948871e+01 
 1.24000000e-01  8.21986215e+01 
 1.25000000e-01  8.22023473e+01 
 1.26000000e-01  8.22060643e+01 
 1.27000000e-01  8.22097724e+01 
 1.28000000e-01  8.22134716e+01 
 1.29000000e-01  8.22171616e+01 
 1.30000000e-01  8.22208424e+01 
 1.31000000e-01  8.22245138e+01 
 1.32000000e-01  8.22281757e+01 
 1.33000000e-01  8.22318280e+01 
 1.34000000e-01  8.22354705e+01 
 1.35000000e-01  8.22391031e+01 
 1.36000000e-01  8.22427256e+01 
 1.37000000e-01  8.22463380e+01 
 1.38000000e-01  8.22499400e+01 
 1.39000000e-01  8.22535316e+01 
 1.40000000e-01  8.22571126e+01 
 1.41000000e-01  8.22606829e+01 
 1.42000000e-01  8.22642422e+01 
 1.43000000e-01  8.22677905e+01 
 1.44000000e-01  8.22713276e+01 
 1.45000000e-01  8.22748534e+01 
 1.46000000e-01  8.22783676e+01 
 1.47000000e-01  8.22818702e+01 
 1.48000000e-01  8.22853610e+01 
 1.49000000e-01  8.22888398e+01 
 1.50000000e-01  8.22923065e+01 
 1.51000000e-01  8.22957609e+01 
 1.52000000e-01  8.22992027e+01 
 1.53000000e-01  8.23026320e+01 
 1.54000000e-01  8.23060484e+01 
 1.55000000e-01  8.23094519e+01 
 1.56000000e-01  8.23128422e+01 
 1.57000000e-01  8.23162191e+01 
 1.58000000e-01  8.23195825e+01 
 1.59000000e-01  8.23229323e+01 
 1.60000000e-01  8.23262681e+01 
 1.61000000e-01  8.23295899e+01 
 1.62000000e-01  8.23328974e+01 
 1.63000000e-01  8.23361904e+01 
 1.64000000e-01  8.23394689e+01 
 1.65000000e-01  8.23427324e+01 
 1.66000000e-01  8.23459810e+01 
 1.67000000e-01  8.23492142e+01 
 1.68000000e-01  8.23524321e+01 
 1.69000000e-01  8.23556343e+01 
 1.70000000e-01  8.23588206e+01 
 1.71000000e-01  8.23619908e+01 
 1.72000000e-01  8.23651448e+01 
 1.73000000e-01  8.23682822e+01 
 1.74000000e-01  8.23714030e+01 
 1.75000000e-01  8.23745068e+01 
 1.76000000e-01  8.23775934e+01 
 1.77000000e-01  8.23806626e+01 
 1.78000000e-01  8.23837142e+01 
 1.79000000e-01  8.23867479e+01 
 1.80000000e-01  8.23897635e+01 
 1.81000000e-01  8.23927607e+01 
 1.82000000e-01  8.23957394e+01 
 1.83000000e-01  8.23986993e+01 
 1.84000000e-01  8.24016401e+01 
 1.85000000e-01  8.24045615e+01 
 1.86000000e-01  8.24074634e+01 
 1.87000000e-01  8.24103454e+01 
 1.88000000e-01  8.24132074e+01 
 1.89000000e-01  8.24160489e+01 
 1.90000000e-01  8.24188699e+01 
 1.91000000e-01  8.24216699e+01 
 1.92000000e-01  8.24244488e+01 
 1.93000000e-01  8.24272062e+01 
 1.94000000e-01  8.24299418e+01 
 1.95000000e-01  8.24326555e+01 
 1.96000000e-01  8.24353468e+01 
 1.97000000e-01  8.24380156e+01 
 1.98000000e-01  8.24406614e+01 
 1.99000000e-01  8.24432841e+01 
 2.00000000e-01  8.24458833e+01 
 2.01000000e-01  8.24484587e+01 
 2.02000000e-01  8.24510100e+01 
 2.03000000e-01  8.24535369e+01 
 2.04000000e-01  8.24560390e+01 
 2.05000000e-01  8.24585161e+01 
 2.06000000e-01  8.24609678e+01 
 2.07000000e-01  8.24633938e+01 
 2.08000000e-01  8.24657938e+01 
 2.09000000e-01  8.24681674e+01 
 2.10000000e-01  8.24705143e+01 
 2.11000000e-01  8.24728341e+01 
 2.12000000e-01  8.24751266e+01 
 2.13000000e-01  8.24773913e+01 
 2.14000000e-01  8.24796279e+01 
 2.15000000e-01  8.24818360e+01 
 2.16000000e-01  8.24840153e+01 
 2.17000000e-01  8.24861654e+01 
 2.18000000e-01  8.24882859e+01 
 2.19000000e-01  8.24903765e+01 
 2.20000000e-01  8.24924368e+01 
 2.21000000e-01  8.24944663e+01 
 2.22000000e-01  8.24964648e+01 
 2.23000000e-01  8.24984317e+01 
 2.24000000e-01  8.25003668e+01 
 2.25000000e-01  8.25022695e+01 
 2.26000000e-01  8.25041395e+01 
 2.27000000e-01  8.25059764e+01 
 2.28000000e-01  8.25077798e+01 
 2.29000000e-01  8.25095492e+01 
 2.30000000e-01  8.25112843e+01 
 2.31000000e-01  8.25129845e+01 
 2.32000000e-01  8.25146494e+01 
 2.33000000e-01  8.25162787e+01 
 2.34000000e-01  8.25178718e+01 
 2.35000000e-01  8.25194283e+01 
 2.36000000e-01  8.25209478e+01 
 2.37000000e-01  8.25224297e+01 
 2.38000000e-01  8.25238737e+01 
 2.39000000e-01  8.25252792e+01 
 2.40000000e-01  8.25266458e+01 
 2.41000000e-01  8.25279730e+01 
 2.42000000e-01  8.25292603e+01 
 2.43000000e-01  8.25305071e+01 
 2.44000000e-01  8.25317131e+01 
 2.45000000e-01  8.25328778e+01 
 2.46000000e-01  8.25340005e+01 
 2.47000000e-01  8.25350808e+01 
 2.48000000e-01  8.25361181e+01 
 2.49000000e-01  8.25371120e+01 
 2.50000000e-01  8.25380620e+01 
 2.51000000e-01  8.25389673e+01 
 2.52000000e-01  8.25398277e+01 
 2.53000000e-01  8.25406424e+01 
 2.54000000e-01  8.25414109e+01 
 2.55000000e-01  8.25421327e+01 
 2.56000000e-01  8.25428073e+01 
 2.57000000e-01  8.25434339e+01 
 2.58000000e-01  8.25440121e+01 
 2.59000000e-01  8.25445413e+01 
 2.60000000e-01  8.25450209e+01 
 2.61000000e-01  8.25454503e+01 
 2.62000000e-01  8.25458289e+01 
 2.63000000e-01  8.25461561e+01 
 2.64000000e-01  8.25464312e+01 
 2.65000000e-01  8.25466538e+01 
 2.66000000e-01  8.25468230e+01 
 2.67000000e-01  8.25469384e+01 
 2.68000000e-01  8.25469992e+01 
 2.69000000e-01  8.25470049e+01 
 2.70000000e-01  8.25469548e+01 
 2.71000000e-01  8.25468481e+01 
 2.72000000e-01  8.25466844e+01 
 2.73000000e-01  8.25464628e+01 
 2.74000000e-01  8.25461828e+01 
 2.75000000e-01  8.25458436e+01 
 2.76000000e-01  8.25454446e+01 
 2.77000000e-01  8.25449851e+01 
 2.78000000e-01  8.25444643e+01 
 2.79000000e-01  8.25438816e+01 
 2.80000000e-01  8.25432363e+01 
 2.81000000e-01  8.25425276e+01 
 2.82000000e-01  8.25417548e+01 
 2.83000000e-01  8.25409172e+01 
 2.84000000e-01  8.25400141e+01 
 2.85000000e-01  8.25390447e+01 
 2.86000000e-01  8.25380082e+01 
 2.87000000e-01  8.25369040e+01 
 2.88000000e-01  8.25357312e+01 
 2.89000000e-01  8.25344891e+01 
 2.90000000e-01  8.25331768e+01 
 2.91000000e-01  8.25317938e+01 
 2.92000000e-01  8.25303391e+01 
 2.93000000e-01  8.25288119e+01 
 2.94000000e-01  8.25272115e+01 
 2.95000000e-01  8.25255370e+01 
 2.96000000e-01  8.25237877e+01 
 2.97000000e-01  8.25219627e+01 
 2.98000000e-01  8.25200612e+01 
 2.99000000e-01  8.25180824e+01 
 3.00000000e-01  8.25160255e+01 
 3.01000000e-01  8.25138895e+01 
 3.02000000e-01  8.25116737e+01 
 3.03000000e-01  8.25093772e+01 
 3.04000000e-01  8.25069992e+01 
 3.05000000e-01  8.25045388e+01 
 3.06000000e-01  8.25019951e+01 
 3.07000000e-01  8.24993672e+01 
 3.08000000e-01  8.24966544e+01 
 3.09000000e-01  8.24938556e+01 
 3.10000000e-01  8.24909700e+01 
 3.11000000e-01  8.24879967e+01 
 3.12000000e-01  8.24849348e+01 
 3.13000000e-01  8.24817835e+01 
 3.14000000e-01  8.24785417e+01 
 3.15000000e-01  8.24752086e+01 
 3.16000000e-01  8.24717833e+01 
 3.17000000e-01  8.24682648e+01 
 3.18000000e-01  8.24646522e+01 
 3.19000000e-01  8.24609446e+01 
 3.20000000e-01  8.24571411e+01 
 3.21000000e-01  8.24532406e+01 
 3.22000000e-01  8.24492424e+01 
 3.23000000e-01  8.24451453e+01 
 3.24000000e-01  8.24409486e+01 
 3.25000000e-01  8.24366511e+01 
 3.26000000e-01  8.24322520e+01 
 3.27000000e-01  8.24277503e+01 
 3.28000000e-01  8.24231451e+01 
 3.29000000e-01  8.24184353e+01 
 3.30000000e-01  8.24136200e+01 
 3.31000000e-01  8.24086983e+01 
 3.32000000e-01  8.24036691e+01 
 3.33000000e-01  8.23985316e+01 
 3.34000000e-01  8.23932847e+01 
 3.35000000e-01  8.23879274e+01 
 3.36000000e-01  8.23824588e+01 
 3.37000000e-01  8.23768779e+01 
 3.38000000e-01  8.23711837e+01 
 3.39000000e-01  8.23653753e+01 
 3.40000000e-01  8.23594516e+01 
 3.41000000e-01  8.23534118e+01 
 3.42000000e-01  8.23472547e+01 
 3.43000000e-01  8.23409796e+01 
 3.44000000e-01  8.23345853e+01 
 3.45000000e-01  8.23280709e+01 
 3.46000000e-01  8.23214354e+01 
 3.47000000e-01  8.23146779e+01 
 3.48000000e-01  8.23077975e+01 
 3.49000000e-01  8.23007931e+01 
 3.50000000e-01  8.22936638e+01 
 3.51000000e-01  8.22864087e+01 
 3.52000000e-01  8.22790268e+01 
 3.53000000e-01  8.22715171e+01 
 3.54000000e-01  8.22638788e+01 
 3.55000000e-01  8.22561109e+01 
 3.56000000e-01  8.22482125e+01 
 3.57000000e-01  8.22401827e+01 
 3.58000000e-01  8.22320205e+01 
 3.59000000e-01  8.22237251e+01 
 3.60000000e-01  8.22152956e+01 
 3.61000000e-01  8.22067311e+01 
 3.62000000e-01  8.21980307e+01 
 3.63000000e-01  8.21891936e+01 
 3.64000000e-01  8.21802189e+01 
 3.65000000e-01  8.21711058e+01 
 3.66000000e-01  8.21618535e+01 
 3.67000000e-01  8.21524611e+01 
 3.68000000e-01  8.21429279e+01 
 3.69000000e-01  8.21332530e+01 
 3.70000000e-01  8.21234358e+01 
 3.71000000e-01  8.21134753e+01 
 3.72000000e-01  8.21033711e+01 
 3.73000000e-01  8.20931222e+01 
 3.74000000e-01  8.20827279e+01 
 3.75000000e-01  8.20721877e+01 
 3.76000000e-01  8.20615009e+01 
 3.77000000e-01  8.20506668e+01 
 3.78000000e-01  8.20396847e+01 
 3.79000000e-01  8.20285542e+01 
 3.80000000e-01  8.20172745e+01 
 3.81000000e-01  8.20058452e+01 
 3.82000000e-01  8.19942658e+01 
 3.83000000e-01  8.19825357e+01 
 3.84000000e-01  8.19706545e+01 
 3.85000000e-01  8.19586216e+01 
 3.86000000e-01  8.19464368e+01 
 3.87000000e-01  8.19340997e+01 
 3.88000000e-01  8.19216097e+01 
 3.89000000e-01  8.19089668e+01 
 3.90000000e-01  8.18961705e+01 
 3.91000000e-01  8.18832205e+01 
 3.92000000e-01  8.18701168e+01 
 3.93000000e-01  8.18568590e+01 
 3.94000000e-01  8.18434471e+01 
 3.95000000e-01  8.18298810e+01 
 3.96000000e-01  8.18161605e+01 
 3.97000000e-01  8.18022857e+01 
 3.98000000e-01  8.17882565e+01 
 3.99000000e-01  8.17740731e+01 
 4.00000000e-01  8.17597355e+01 
 4.01000000e-01  8.17452439e+01 
 4.02000000e-01  8.17305985e+01 
 4.03000000e-01  8.17157996e+01 
 4.04000000e-01  8.17008474e+01 
 4.05000000e-01  8.16857423e+01 
 4.06000000e-01  8.16704847e+01 
 4.07000000e-01  8.16550751e+01 
 4.08000000e-01  8.16395140e+01 
 4.09000000e-01  8.16238019e+01 
 4.10000000e-01  8.16079396e+01 
 4.11000000e-01  8.15919276e+01 
 4.12000000e-01  8.15757669e+01 
 4.13000000e-01  8.15594581e+01 
 4.14000000e-01  8.15430022e+01 
 4.15000000e-01  8.15264001e+01 
 4.16000000e-01  8.15096529e+01 
 4.17000000e-01  8.14927616e+01 
 4.18000000e-01  8.14757275e+01 
 4.19000000e-01  8.14585518e+01 
 4.20000000e-01  8.14412357e+01 
 4.21000000e-01  8.14237807e+01 
 4.22000000e-01  8.14061883e+01 
 4.23000000e-01  8.13884600e+01 
 4.24000000e-01  8.13705974e+01 
 4.25000000e-01  8.13526023e+01 
 4.26000000e-01  8.13344765e+01 
 4.27000000e-01  8.13162219e+01 
 4.28000000e-01  8.12978404e+01 
 4.29000000e-01  8.12793341e+01 
 4.30000000e-01  8.12607052e+01 
 4.31000000e-01  8.12419560e+01 
 4.32000000e-01  8.12230888e+01 
 4.33000000e-01  8.12041060e+01 
 4.34000000e-01  8.11850103e+01 
 4.35000000e-01  8.11658042e+01 
 4.36000000e-01  8.11464905e+01 
 4.37000000e-01  8.11270722e+01 
 4.38000000e-01  8.11075520e+01 
 4.39000000e-01  8.10879333e+01 
 4.40000000e-01  8.10682190e+01 
 4.41000000e-01  8.10484125e+01 
 4.42000000e-01  8.10285173e+01 
 4.43000000e-01  8.10085368e+01 
 4.44000000e-01  8.09884746e+01 
 4.45000000e-01  8.09683347e+01 
 4.46000000e-01  8.09481207e+01 
 4.47000000e-01  8.09278367e+01 
 4.48000000e-01  8.09074869e+01 
 4.49000000e-01  8.08870754e+01 
 4.50000000e-01  8.08666066e+01 
 4.51000000e-01  8.08460851e+01 
 4.52000000e-01  8.08255154e+01 
 4.53000000e-01  8.08049023e+01 
 4.54000000e-01  8.07842506e+01 
 4.55000000e-01  8.07635654e+01 
 4.56000000e-01  8.07428518e+01 
 4.57000000e-01  8.07221151e+01 
 4.58000000e-01  8.07013607e+01 
 4.59000000e-01  8.06805940e+01 
 4.60000000e-01  8.06598209e+01 
 4.61000000e-01  8.06390470e+01 
 4.62000000e-01  8.06182783e+01 
 4.63000000e-01  8.05975210e+01 
 4.64000000e-01  8.05767812e+01 
 4.65000000e-01  8.05560653e+01 
 4.66000000e-01  8.05353798e+01 
 4.67000000e-01  8.05147312e+01 
 4.68000000e-01  8.04941265e+01 
 4.69000000e-01  8.04735724e+01 
 4.70000000e-01  8.04530760e+01 
 4.71000000e-01  8.04326445e+01 
 4.72000000e-01  8.04122852e+01 
 4.73000000e-01  8.03920056e+01 
 4.74000000e-01  8.03718133e+01 
 4.75000000e-01  8.03517159e+01 
 4.76000000e-01  8.03317213e+01 
 4.77000000e-01  8.03118375e+01 
 4.78000000e-01  8.02920726e+01 
 4.79000000e-01  8.02724349e+01 
 4.80000000e-01  8.02529327e+01 
 4.81000000e-01  8.02335745e+01 
 4.82000000e-01  8.02143690e+01 
 4.83000000e-01  8.01953248e+01 
 4.84000000e-01  8.01764509e+01 
 4.85000000e-01  8.01577562e+01 
 4.86000000e-01  8.01392498e+01 
 4.87000000e-01  8.01209409e+01 
 4.88000000e-01  8.01028388e+01 
 4.89000000e-01  8.00849529e+01 
 4.90000000e-01  8.00672928e+01 
 4.91000000e-01  8.00498680e+01 
 4.92000000e-01  8.00326882e+01 
 4.93000000e-01  8.00157633e+01 
 4.94000000e-01  7.99991031e+01 
 4.95000000e-01  7.99827175e+01 
 4.96000000e-01  7.99666167e+01 
 4.97000000e-01  7.99508107e+01 
 4.98000000e-01  7.99353096e+01 
 4.99000000e-01  7.99201237e+01 
 5.00000000e-01  7.99052633e+01 
 5.01000000e-01  7.98907387e+01 
 5.02000000e-01  7.98765603e+01 
 5.03000000e-01  7.98627385e+01 
 5.04000000e-01  7.98492836e+01 
 5.05000000e-01  7.98362063e+01 
 5.06000000e-01  7.98235169e+01 
 5.07000000e-01  7.98112259e+01 
 5.08000000e-01  7.97993439e+01 
 5.09000000e-01  7.97878812e+01 
 5.10000000e-01  7.97768484e+01 
 5.11000000e-01  7.97662558e+01 
 5.12000000e-01  7.97561140e+01 
 5.13000000e-01  7.97464332e+01 
 5.14000000e-01  7.97372237e+01 
 5.15000000e-01  7.97284959e+01 
 5.16000000e-01  7.97202599e+01 
 5.17000000e-01  7.97125259e+01 
 5.18000000e-01  7.97053038e+01 
 5.19000000e-01  7.96986036e+01 
 5.20000000e-01  7.96924352e+01 
 5.21000000e-01  7.96868082e+01 
 5.22000000e-01  7.96817322e+01 
 5.23000000e-01  7.96772167e+01 
 5.24000000e-01  7.96732710e+01 
 5.25000000e-01  7.96699042e+01 
 5.26000000e-01  7.96671254e+01 
 5.27000000e-01  7.96649433e+01 
 5.28000000e-01  7.96633665e+01 
 5.29000000e-01  7.96624035e+01 
 5.30000000e-01  7.96620625e+01 
 5.31000000e-01  7.96623513e+01 
 5.32000000e-01  7.96632779e+01 
 5.33000000e-01  7.96648497e+01 
 5.34000000e-01  7.96670739e+01 
 5.35000000e-01  7.96699575e+01 
 5.36000000e-01  7.96735072e+01 
 5.37000000e-01  7.96777294e+01 
 5.38000000e-01  7.96826302e+01 
 5.39000000e-01  7.96882155e+01 
 5.40000000e-01  7.96944907e+01 
 5.41000000e-01  7.97014609e+01 
 5.42000000e-01  7.97091309e+01 
 5.43000000e-01  7.97175052e+01 
 5.44000000e-01  7.97265879e+01 
 5.45000000e-01  7.97363826e+01 
 5.46000000e-01  7.97468926e+01 
 5.47000000e-01  7.97581209e+01 
 5.48000000e-01  7.97700699e+01 
 5.49000000e-01  7.97827418e+01 
 5.50000000e-01  7.97961383e+01 
 5.51000000e-01  7.98102604e+01 
 5.52000000e-01  7.98251091e+01 
 5.53000000e-01  7.98406847e+01 
 5.54000000e-01  7.98569869e+01 
 5.55000000e-01  7.98740153e+01 
 5.56000000e-01  7.98917688e+01 
 5.57000000e-01  7.99102458e+01 
 5.58000000e-01  7.99294443e+01 
 5.59000000e-01  7.99493616e+01 
 5.60000000e-01  7.99699949e+01 
 5.61000000e-01  7.99913404e+01 
 5.62000000e-01  8.00133943e+01 
 5.63000000e-01  8.00361518e+01 
 5.64000000e-01  8.00596079e+01 
 5.65000000e-01  8.00837569e+01 
 5.66000000e-01  8.01085927e+01 
 5.67000000e-01  8.01341086e+01 
 5.68000000e-01  8.01602974e+01 
 5.69000000e-01  8.01871513e+01 
 5.70000000e-01  8.02146620e+01 
 5.71000000e-01  8.02428206e+01 
 5.72000000e-01  8.02716179e+01 
 5.73000000e-01  8.03010439e+01 
 5.74000000e-01  8.03310881e+01 
 5.75000000e-01  8.03617396e+01 
 5.76000000e-01  8.03929869e+01 
 5.77000000e-01  8.04248179e+01 
 5.78000000e-01  8.04572200e+01 
 5.79000000e-01  8.04901802e+01 
 5.80000000e-01  8.05236848e+01 
 5.81000000e-01  8.05577198e+01 
 5.82000000e-01  8.05922704e+01 
 5.83000000e-01  8.06273216e+01 
 5.84000000e-01  8.06628578e+01 
 5.85000000e-01  8.06988627e+01 
 5.86000000e-01  8.07353198e+01 
 5.87000000e-01  8.07722121e+01 
 5.88000000e-01  8.08095220e+01 
 5.89000000e-01  8.08472314e+01 
 5.90000000e-01  8.08853221e+01 
 5.91000000e-01  8.09237750e+01 
 5.92000000e-01  8.09625710e+01 
 5.93000000e-01  8.10016902e+01 
 5.94000000e-01  8.10411127e+01 
 5.95000000e-01  8.10808178e+01 
 5.96000000e-01  8.11207847e+01 
 5.97000000e-01  8.11609922e+01 
 5.98000000e-01  8.12014187e+01 
 5.99000000e-01  8.12420423e+01 
 6.00000000e-01  8.12828406e+01 
 6.01000000e-01  8.13237912e+01 
 6.02000000e-01  8.13648712e+01 
 6.03000000e-01  8.14060574e+01 
 6.04000000e-01  8.14473264e+01 
 6.05000000e-01  8.14886547e+01 
 6.06000000e-01  8.15300182e+01 
 6.07000000e-01  8.15713930e+01 
 6.08000000e-01  8.16127546e+01 
 6.09000000e-01  8.16540787e+01 
 6.10000000e-01  8.16953405e+01 
 6.11000000e-01  8.17365152e+01 
 6.12000000e-01  8.17775779e+01 
 6.13000000e-01  8.18185035e+01 
 6.14000000e-01  8.18592668e+01 
 6.15000000e-01  8.18998426e+01 
 6.16000000e-01  8.19402056e+01 
 6.17000000e-01  8.19803303e+01 
 6.18000000e-01  8.20201913e+01 
 6.19000000e-01  8.20597631e+01 
 6.20000000e-01  8.20990204e+01 
 6.21000000e-01  8.21379377e+01 
 6.22000000e-01  8.21764896e+01 
 6.23000000e-01  8.22146506e+01 
 6.24000000e-01  8.22523956e+01 
 6.25000000e-01  8.22896993e+01 
 6.26000000e-01  8.23265365e+01 
 6.27000000e-01  8.23628822e+01 
 6.28000000e-01  8.23987116e+01 
 6.29000000e-01  8.24339998e+01 
 6.30000000e-01  8.24687222e+01 
 6.31000000e-01  8.25028544e+01 
 6.32000000e-01  8.25363721e+01 
 6.33000000e-01  8.25692513e+01 
 6.34000000e-01  8.26014681e+01 
 6.35000000e-01  8.26329988e+01 
 6.36000000e-01  8.26638200e+01 
 6.37000000e-01  8.26939087e+01 
 6.38000000e-01  8.27232418e+01 
 6.39000000e-01  8.27517968e+01 
 6.40000000e-01  8.27795514e+01 
 6.41000000e-01  8.28064834e+01 
 6.42000000e-01  8.28325712e+01 
 6.43000000e-01  8.28577933e+01 
 6.44000000e-01  8.28821286e+01 
 6.45000000e-01  8.29055565e+01 
 6.46000000e-01  8.29280563e+01 
 6.47000000e-01  8.29496082e+01 
 6.48000000e-01  8.29701924e+01 
 6.49000000e-01  8.29897895e+01 
 6.50000000e-01  8.30083807e+01 
 6.51000000e-01  8.30259474e+01 
 6.52000000e-01  8.30424714e+01 
 6.53000000e-01  8.30579350e+01 
 6.54000000e-01  8.30723207e+01 
 6.55000000e-01  8.30856117e+01 
 6.56000000e-01  8.30977915e+01 
 6.57000000e-01  8.31088438e+01 
 6.58000000e-01  8.31187531e+01 
 6.59000000e-01  8.31275040e+01 
 6.60000000e-01  8.31350818e+01 
 6.61000000e-01  8.31414722e+01 
 6.62000000e-01  8.31466610e+01 
 6.63000000e-01  8.31506350e+01 
 6.64000000e-01  8.31533810e+01 
 6.65000000e-01  8.31548864e+01 
 6.66000000e-01  8.31551391e+01 
 6.67000000e-01  8.31541274e+01 
 6.68000000e-01  8.31518401e+01 
 6.69000000e-01  8.31482664e+01 
 6.70000000e-01  8.31433959e+01 
 6.71000000e-01  8.31372187e+01 
 6.72000000e-01  8.31297255e+01 
 6.73000000e-01  8.31209072e+01 
 6.74000000e-01  8.31107554e+01 
 6.75000000e-01  8.30992619e+01 
 6.76000000e-01  8.30864191e+01 
 6.77000000e-01  8.30722199e+01 
 6.78000000e-01  8.30566576e+01 
 6.79000000e-01  8.30397257e+01 
 6.80000000e-01  8.30214186e+01 
 6.81000000e-01  8.30017308e+01 
 6.82000000e-01  8.29806572e+01 
 6.83000000e-01  8.29581934e+01 
 6.84000000e-01  8.29343353e+01 
 6.85000000e-01  8.29090792e+01 
 6.86000000e-01  8.28824217e+01 
 6.87000000e-01  8.28543601e+01 
 6.88000000e-01  8.28248919e+01 
 6.89000000e-01  8.27940150e+01 
 6.90000000e-01  8.27617280e+01 
 6.91000000e-01  8.27280294e+01 
 6.92000000e-01  8.26929186e+01 
 6.93000000e-01  8.26563951e+01 
 6.94000000e-01  8.26184587e+01 
 6.95000000e-01  8.25791099e+01 
 6.96000000e-01  8.25383494e+01 
 6.97000000e-01  8.24961782e+01 
 6.98000000e-01  8.24525978e+01 
 6.99000000e-01  8.24076099e+01 
 7.00000000e-01  8.23612167e+01 
 7.01000000e-01  8.23134207e+01 
 7.02000000e-01  8.22642248e+01 
 7.03000000e-01  8.22136321e+01 
 7.04000000e-01  8.21616461e+01 
 7.05000000e-01  8.21082707e+01 
 7.06000000e-01  8.20535100e+01 
 7.07000000e-01  8.19973684e+01 
 7.08000000e-01  8.19398508e+01 
 7.09000000e-01  8.18809621e+01 
 7.10000000e-01  8.18207078e+01 
 7.11000000e-01  8.17590935e+01 
 7.12000000e-01  8.16961251e+01 
 7.13000000e-01  8.16318089e+01 
 7.14000000e-01  8.15661512e+01 
 7.15000000e-01  8.14991588e+01 
 7.16000000e-01  8.14308388e+01 
 7.17000000e-01  8.13611983e+01 
 7.18000000e-01  8.12902448e+01 
 7.19000000e-01  8.12179861e+01 
 7.20000000e-01  8.11444300e+01 
 7.21000000e-01  8.10695849e+01 
 7.22000000e-01  8.09934590e+01 
 7.23000000e-01  8.09160610e+01 
 7.24000000e-01  8.08373996e+01 
 7.25000000e-01  8.07574840e+01 
 7.26000000e-01  8.06763233e+01 
 7.27000000e-01  8.05939269e+01 
 7.28000000e-01  8.05103044e+01 
 7.29000000e-01  8.04254655e+01 
 7.30000000e-01  8.03394202e+01 
 7.31000000e-01  8.02521786e+01 
 7.32000000e-01  8.01637508e+01 
 7.33000000e-01  8.00741474e+01 
 7.34000000e-01  7.99833788e+01 
 7.35000000e-01  7.98914557e+01 
 7.36000000e-01  7.97983891e+01 
 7.37000000e-01  7.97041898e+01 
 7.38000000e-01  7.96088688e+01 
 7.39000000e-01  7.95124375e+01 
 7.40000000e-01  7.94149072e+01 
 7.41000000e-01  7.93162891e+01 
 7.42000000e-01  7.92165950e+01 
 7.43000000e-01  7.91158364e+01 
 7.44000000e-01  7.90140250e+01 
 7.45000000e-01  7.89111726e+01 
 7.46000000e-01  7.88072911e+01 
 7.47000000e-01  7.87023926e+01 
 7.48000000e-01  7.85964890e+01 
 7.49000000e-01  7.84895924e+01 
 7.50000000e-01  7.83817150e+01 
 7.51000000e-01  7.82728691e+01 
 7.52000000e-01  7.81630670e+01 
 7.53000000e-01  7.80523209e+01 
 7.54000000e-01  7.79406433e+01 
 7.55000000e-01  7.78280465e+01 
 7.56000000e-01  7.77145431e+01 
 7.57000000e-01  7.76001456e+01 
 7.58000000e-01  7.74848664e+01 
 7.59000000e-01  7.73687181e+01 
 7.60000000e-01  7.72517133e+01 
 7.61000000e-01  7.71338646e+01 
 7.62000000e-01  7.70151846e+01 
 7.63000000e-01  7.68956858e+01 
 7.64000000e-01  7.67753808e+01 
 7.65000000e-01  7.66542824e+01 
 7.66000000e-01  7.65324031e+01 
 7.67000000e-01  7.64097555e+01 
 7.68000000e-01  7.62863522e+01 
 7.69000000e-01  7.61622058e+01 
 7.70000000e-01  7.60373289e+01 
 7.71000000e-01  7.59117340e+01 
 7.72000000e-01  7.57854336e+01 
 7.73000000e-01  7.56584403e+01 
 7.74000000e-01  7.55307665e+01 
 7.75000000e-01  7.54024247e+01 
 7.76000000e-01  7.52734273e+01 
 7.77000000e-01  7.51437866e+01 
 7.78000000e-01  7.50135151e+01 
 7.79000000e-01  7.48826249e+01 
 7.80000000e-01  7.47511284e+01 
 7.81000000e-01  7.46190378e+01 
 7.82000000e-01  7.44863652e+01 
 7.83000000e-01  7.43531227e+01 
 7.84000000e-01  7.42193223e+01 
 7.85000000e-01  7.40849762e+01 
 7.86000000e-01  7.39500962e+01 
 7.87000000e-01  7.38146941e+01 
 7.88000000e-01  7.36787819e+01 
 7.89000000e-01  7.35423712e+01 
 7.90000000e-01  7.34054737e+01 
 7.91000000e-01  7.32681011e+01 
 7.92000000e-01  7.31302650e+01 
 7.93000000e-01  7.29919767e+01 
 7.94000000e-01  7.28532477e+01 
 7.95000000e-01  7.27140893e+01 
 7.96000000e-01  7.25745129e+01 
 7.97000000e-01  7.24345294e+01 
 7.98000000e-01  7.22941501e+01 
 7.99000000e-01  7.21533860e+01 
 8.00000000e-01  7.20122480e+01 
 8.01000000e-01  7.18707470e+01 
 8.02000000e-01  7.17288936e+01 
 8.03000000e-01  7.15866987e+01 
 8.04000000e-01  7.14441728e+01 
 8.05000000e-01  7.13013264e+01 
 8.06000000e-01  7.11581700e+01 
 8.07000000e-01  7.10147138e+01 
 8.08000000e-01  7.08709681e+01 
 8.09000000e-01  7.07269431e+01 
 8.10000000e-01  7.05826487e+01 
 8.11000000e-01  7.04380951e+01 
 8.12000000e-01  7.02932921e+01 
 8.13000000e-01  7.01482493e+01 
 8.14000000e-01  7.00029766e+01 
 8.15000000e-01  6.98574835e+01 
 8.16000000e-01  6.97117795e+01 
 8.17000000e-01  6.95658740e+01 
 8.18000000e-01  6.94197763e+01 
 8.19000000e-01  6.92734955e+01 
 8.20000000e-01  6.91270409e+01 
 8.21000000e-01  6.89804214e+01 
 8.22000000e-01  6.88336459e+01 
 8.23000000e-01  6.86867233e+01 
 8.24000000e-01  6.85396622e+01 
 8.25000000e-01  6.83924713e+01 
 8.26000000e-01  6.82451590e+01 
 8.27000000e-01  6.80977338e+01 
 8.28000000e-01  6.79502041e+01 
 8.29000000e-01  6.78025779e+01 
 8.30000000e-01  6.76548635e+01 
 8.31000000e-01  6.75070689e+01 
 8.32000000e-01  6.73592019e+01 
 8.33000000e-01  6.72112705e+01 
 8.34000000e-01  6.70632823e+01 
 8.35000000e-01  6.69152450e+01 
 8.36000000e-01  6.67671660e+01 
 8.37000000e-01  6.66190528e+01 
 8.38000000e-01  6.64709128e+01 
 8.39000000e-01  6.63227531e+01 
 8.40000000e-01  6.61745810e+01 
 8.41000000e-01  6.60264033e+01 
 8.42000000e-01  6.58782272e+01 
 8.43000000e-01  6.57300593e+01 
 8.44000000e-01  6.55819066e+01 
 8.45000000e-01  6.54337755e+01 
 8.46000000e-01  6.52856727e+01 
 8.47000000e-01  6.51376047e+01 
 8.48000000e-01  6.49895777e+01 
 8.49000000e-01  6.48415980e+01 
 8.50000000e-01  6.46936720e+01 
 8.51000000e-01  6.45458055e+01 
 8.52000000e-01  6.43980046e+01 
 8.53000000e-01  6.42502753e+01 
 8.54000000e-01  6.41026232e+01 
 8.55000000e-01  6.39550542e+01 
 8.56000000e-01  6.38075738e+01 
 8.57000000e-01  6.36601876e+01 
 8.58000000e-01  6.35129010e+01 
 8.59000000e-01  6.33657193e+01 
 8.60000000e-01  6.32186480e+01 
 8.61000000e-01  6.30716920e+01 
 8.62000000e-01  6.29248566e+01 
 8.63000000e-01  6.27781466e+01 
 8.64000000e-01  6.26315672e+01 
 8.65000000e-01  6.24851229e+01 
 8.66000000e-01  6.23388187e+01 
 8.67000000e-01  6.21926592e+01 
 8.68000000e-01  6.20466490e+01 
 8.69000000e-01  6.19007925e+01 
 8.70000000e-01  6.17550942e+01 
 8.71000000e-01  6.16095584e+01 
 8.72000000e-01  6.14641895e+01 
 8.73000000e-01  6.13189914e+01 
 8.74000000e-01  6.11739685e+01 
 8.75000000e-01  6.10291246e+01 
 8.76000000e-01  6.08844638e+01 
 8.77000000e-01  6.07399898e+01 
 8.78000000e-01  6.05957066e+01 
 8.79000000e-01  6.04516177e+01 
 8.80000000e-01  6.03077269e+01 
 8.81000000e-01  6.01640377e+01 
 8.82000000e-01  6.00205536e+01 
 8.83000000e-01  5.98772780e+01 
 8.84000000e-01  5.97342144e+01 
 8.85000000e-01  5.95913659e+01 
 8.86000000e-01  5.94487358e+01 
 8.87000000e-01  5.93063272e+01 
 8.88000000e-01  5.91641433e+01 
 8.89000000e-01  5.90221869e+01 
 8.90000000e-01  5.88804611e+01 
 8.91000000e-01  5.87389688e+01 
 8.92000000e-01  5.85977127e+01 
 8.93000000e-01  5.84566955e+01 
 8.94000000e-01  5.83159201e+01 
 8.95000000e-01  5.81753890e+01 
 8.96000000e-01  5.80351047e+01 
 8.97000000e-01  5.78950697e+01 
 8.98000000e-01  5.77552866e+01 
 8.99000000e-01  5.76157576e+01 
 9.00000000e-01  5.74764851e+01 
 9.01000000e-01  5.73374714e+01 
 9.02000000e-01  5.71987186e+01 
 9.03000000e-01  5.70602289e+01 
 9.04000000e-01  5.69220044e+01 
 9.05000000e-01  5.67840472e+01 
 9.06000000e-01  5.66463591e+01 
 9.07000000e-01  5.65089421e+01 
 9.08000000e-01  5.63717982e+01 
 9.09000000e-01  5.62349291e+01 
 9.10000000e-01  5.60983366e+01 
 9.11000000e-01  5.59620224e+01 
 9.12000000e-01  5.58259882e+01 
 9.13000000e-01  5.56902356e+01 
 9.14000000e-01  5.55547662e+01 
 9.15000000e-01  5.54195815e+01 
 9.16000000e-01  5.52846830e+01 
 9.17000000e-01  5.51500720e+01 
 9.18000000e-01  5.50157501e+01 
 9.19000000e-01  5.48817185e+01 
 9.20000000e-01  5.47479786e+01 
 9.21000000e-01  5.46145315e+01 
 9.22000000e-01  5.44813785e+01 
 9.23000000e-01  5.43485207e+01 
 9.24000000e-01  5.42159594e+01 
 9.25000000e-01  5.40836955e+01 
 9.26000000e-01  5.39517300e+01 
 9.27000000e-01  5.38200641e+01 
 9.28000000e-01  5.36886987e+01 
 9.29000000e-01  5.35576346e+01 
 9.30000000e-01  5.34268728e+01 
 9.31000000e-01  5.32964141e+01 
 9.32000000e-01  5.31662593e+01 
 9.33000000e-01  5.30364093e+01 
 9.34000000e-01  5.29068647e+01 
 9.35000000e-01  5.27776263e+01 
 9.36000000e-01  5.26486946e+01 
 9.37000000e-01  5.25200705e+01 
 9.38000000e-01  5.23917543e+01 
 9.39000000e-01  5.22637469e+01 
 9.40000000e-01  5.21360486e+01 
 9.41000000e-01  5.20086599e+01 
 9.42000000e-01  5.18815815e+01 
 9.43000000e-01  5.17548136e+01 
 9.44000000e-01  5.16283568e+01 
 9.45000000e-01  5.15022113e+01 
 9.46000000e-01  5.13763776e+01 
 9.47000000e-01  5.12508560e+01 
 9.48000000e-01  5.11256468e+01 
 9.49000000e-01  5.10007503e+01 
 9.50000000e-01  5.08761666e+01 
 9.51000000e-01  5.07518962e+01 
 9.52000000e-01  5.06279390e+01 
 9.53000000e-01  5.05042954e+01 
 9.54000000e-01  5.03809653e+01 
 9.55000000e-01  5.02579491e+01 
 9.56000000e-01  5.01352467e+01 
 9.57000000e-01  5.00128583e+01 
 9.58000000e-01  4.98907839e+01 
 9.59000000e-01  4.97690234e+01 
 9.60000000e-01  4.96475771e+01 
 9.61000000e-01  4.95264447e+01 
 9.62000000e-01  4.94056263e+01 
 9.63000000e-01  4.92851218e+01 
 9.64000000e-01  4.91649311e+01 
 9.65000000e-01  4.90450542e+01 
 9.66000000e-01  4.89254909e+01 
 9.67000000e-01  4.88062411e+01 
 9.68000000e-01  4.86873047e+01 
 9.69000000e-01  4.85686814e+01 
 9.70000000e-01  4.84503711e+01 
 9.71000000e-01  4.83323735e+01 
 9.72000000e-01  4.82146885e+01 
 9.73000000e-01  4.80973158e+01 
 9.74000000e-01  4.79802551e+01 
 9.75000000e-01  4.78635062e+01 
 9.76000000e-01  4.77470687e+01 
 9.77000000e-01  4.76309424e+01 
 9.78000000e-01  4.75151270e+01 
 9.79000000e-01  4.73996221e+01 
 9.80000000e-01  4.72844273e+01 
 9.81000000e-01  4.71695423e+01 
 9.82000000e-01  4.70549668e+01 
 9.83000000e-01  4.69407002e+01 
 9.84000000e-01  4.68267423e+01 
 9.85000000e-01  4.67130926e+01 
 9.86000000e-01  4.65997507e+01 
 9.87000000e-01  4.64867161e+01 
 9.88000000e-01  4.63739884e+01 
 9.89000000e-01  4.62615671e+01 
 9.90000000e-01  4.61494517e+01 
 9.91000000e-01  4.60376418e+01 
 9.92000000e-01  4.59261369e+01 
 9.93000000e-01  4.58149364e+01 
 9.94000000e-01  4.57040398e+01 
 9.95000000e-01  4.55934466e+01 
 9.96000000e-01  4.54831563e+01 
 9.97000000e-01  4.53731683e+01 
 9.98000000e-01  4.52634821e+01 
 9.99000000e-01  4.51540971e+01 
 1.00000000e+00  4.50450126e+01 
