 0.00000000e+00  1.18863896e-12 
 1.00000000e-03  1.21901214e-12 
 2.00000000e-03  1.25016129e-12 
 3.00000000e-03  1.28210625e-12 
 4.00000000e-03  1.31486734e-12 
 5.00000000e-03  1.34846540e-12 
 6.00000000e-03  1.38292182e-12 
 7.00000000e-03  1.41825850e-12 
 8.00000000e-03  1.45449795e-12 
 9.00000000e-03  1.49166320e-12 
 1.00000000e-02  1.52977791e-12 
 1.10000000e-02  1.56886633e-12 
 1.20000000e-02  1.60895331e-12 
 1.30000000e-02  1.65006438e-12 
 1.40000000e-02  1.69222567e-12 
 1.50000000e-02  1.73546401e-12 
 1.60000000e-02  1.77980690e-12 
 1.70000000e-02  1.82528255e-12 
 1.80000000e-02  1.87191989e-12 
 1.90000000e-02  1.91974859e-12 
 2.00000000e-02  1.96879907e-12 
 2.10000000e-02  2.01910252e-12 
 2.20000000e-02  2.07069095e-12 
 2.30000000e-02  2.12359716e-12 
 2.40000000e-02  2.17785481e-12 
 2.50000000e-02  2.23349840e-12 
 2.60000000e-02  2.29056333e-12 
 2.70000000e-02  2.34908589e-12 
 2.80000000e-02  2.40910329e-12 
 2.90000000e-02  2.47065370e-12 
 3.00000000e-02  2.53377627e-12 
 3.10000000e-02  2.59851114e-12 
 3.20000000e-02  2.66489948e-12 
 3.30000000e-02  2.73298349e-12 
 3.40000000e-02  2.80280648e-12 
 3.50000000e-02  2.87441284e-12 
 3.60000000e-02  2.94784811e-12 
 3.70000000e-02  3.02315897e-12 
 3.80000000e-02  3.10039331e-12 
 3.90000000e-02  3.17960024e-12 
 4.00000000e-02  3.26083011e-12 
 4.10000000e-02  3.34413457e-12 
 4.20000000e-02  3.42956658e-12 
 4.30000000e-02  3.51718046e-12 
 4.40000000e-02  3.60703189e-12 
 4.50000000e-02  3.69917800e-12 
 4.60000000e-02  3.79367736e-12 
 4.70000000e-02  3.89059005e-12 
 4.80000000e-02  3.98997766e-12 
 4.90000000e-02  4.09190337e-12 
 5.00000000e-02  4.19643196e-12 
 5.10000000e-02  4.30362988e-12 
 5.20000000e-02  4.41356525e-12 
 5.30000000e-02  4.52630794e-12 
 5.40000000e-02  4.64192960e-12 
 5.50000000e-02  4.76050371e-12 
 5.60000000e-02  4.88210563e-12 
 5.70000000e-02  5.00681262e-12 
 5.80000000e-02  5.13470394e-12 
 5.90000000e-02  5.26586085e-12 
 6.00000000e-02  5.40036668e-12 
 6.10000000e-02  5.53830691e-12 
 6.20000000e-02  5.67976916e-12 
 6.30000000e-02  5.82484332e-12 
 6.40000000e-02  5.97362155e-12 
 6.50000000e-02  6.12619838e-12 
 6.60000000e-02  6.28267073e-12 
 6.70000000e-02  6.44313800e-12 
 6.80000000e-02  6.60770211e-12 
 6.90000000e-02  6.77646761e-12 
 7.00000000e-02  6.94954169e-12 
 7.10000000e-02  7.12703427e-12 
 7.20000000e-02  7.30905809e-12 
 7.30000000e-02  7.49572875e-12 
 7.40000000e-02  7.68716479e-12 
 7.50000000e-02  7.88348780e-12 
 7.60000000e-02  8.08482243e-12 
 7.70000000e-02  8.29129654e-12 
 7.80000000e-02  8.50304123e-12 
 7.90000000e-02  8.72019095e-12 
 8.00000000e-02  8.94288356e-12 
 8.10000000e-02  9.17126045e-12 
 8.20000000e-02  9.40546661e-12 
 8.30000000e-02  9.64565072e-12 
 8.40000000e-02  9.89196525e-12 
 8.50000000e-02  1.01445665e-11 
 8.60000000e-02  1.04036150e-11 
 8.70000000e-02  1.06692749e-11 
 8.80000000e-02  1.09417150e-11 
 8.90000000e-02  1.12211081e-11 
 9.00000000e-02  1.15076315e-11 
 9.10000000e-02  1.18014672e-11 
 9.20000000e-02  1.21028014e-11 
 9.30000000e-02  1.24118255e-11 
 9.40000000e-02  1.27287355e-11 
 9.50000000e-02  1.30537325e-11 
 9.60000000e-02  1.33870226e-11 
 9.70000000e-02  1.37288173e-11 
 9.80000000e-02  1.40793334e-11 
 9.90000000e-02  1.44387933e-11 
 1.00000000e-01  1.48074249e-11 
 1.01000000e-01  1.51854621e-11 
 1.02000000e-01  1.55731446e-11 
 1.03000000e-01  1.59707182e-11 
 1.04000000e-01  1.63784351e-11 
 1.05000000e-01  1.67965539e-11 
 1.06000000e-01  1.72253395e-11 
 1.07000000e-01  1.76650640e-11 
 1.08000000e-01  1.81160060e-11 
 1.09000000e-01  1.85784515e-11 
 1.10000000e-01  1.90526935e-11 
 1.11000000e-01  1.95390328e-11 
 1.12000000e-01  2.00377775e-11 
 1.13000000e-01  2.05492437e-11 
 1.14000000e-01  2.10737556e-11 
 1.15000000e-01  2.16116455e-11 
 1.16000000e-01  2.21632544e-11 
 1.17000000e-01  2.27289317e-11 
 1.18000000e-01  2.33090357e-11 
 1.19000000e-01  2.39039340e-11 
 1.20000000e-01  2.45140036e-11 
 1.21000000e-01  2.51396306e-11 
 1.22000000e-01  2.57812116e-11 
 1.23000000e-01  2.64391527e-11 
 1.24000000e-01  2.71138707e-11 
 1.25000000e-01  2.78057928e-11 
 1.26000000e-01  2.85153572e-11 
 1.27000000e-01  2.92430130e-11 
 1.28000000e-01  2.99892210e-11 
 1.29000000e-01  3.07544536e-11 
 1.30000000e-01  3.15391951e-11 
 1.31000000e-01  3.23439422e-11 
 1.32000000e-01  3.31692042e-11 
 1.33000000e-01  3.40155034e-11 
 1.34000000e-01  3.48833754e-11 
 1.35000000e-01  3.57733691e-11 
 1.36000000e-01  3.66860478e-11 
 1.37000000e-01  3.76219887e-11 
 1.38000000e-01  3.85817840e-11 
 1.39000000e-01  3.95660407e-11 
 1.40000000e-01  4.05753812e-11 
 1.41000000e-01  4.16104438e-11 
 1.42000000e-01  4.26718831e-11 
 1.43000000e-01  4.37603702e-11 
 1.44000000e-01  4.48765932e-11 
 1.45000000e-01  4.60212577e-11 
 1.46000000e-01  4.71950872e-11 
 1.47000000e-01  4.83988236e-11 
 1.48000000e-01  4.96332276e-11 
 1.49000000e-01  5.08990793e-11 
 1.50000000e-01  5.21971783e-11 
 1.51000000e-01  5.35283448e-11 
 1.52000000e-01  5.48934196e-11 
 1.53000000e-01  5.62932651e-11 
 1.54000000e-01  5.77287651e-11 
 1.55000000e-01  5.92008263e-11 
 1.56000000e-01  6.07103780e-11 
 1.57000000e-01  6.22583734e-11 
 1.58000000e-01  6.38457896e-11 
 1.59000000e-01  6.54736286e-11 
 1.60000000e-01  6.71429177e-11 
 1.61000000e-01  6.88547104e-11 
 1.62000000e-01  7.06100867e-11 
 1.63000000e-01  7.24101540e-11 
 1.64000000e-01  7.42560479e-11 
 1.65000000e-01  7.61489326e-11 
 1.66000000e-01  7.80900020e-11 
 1.67000000e-01  8.00804798e-11 
 1.68000000e-01  8.21216213e-11 
 1.69000000e-01  8.42147130e-11 
 1.70000000e-01  8.63610743e-11 
 1.71000000e-01  8.85620579e-11 
 1.72000000e-01  9.08190509e-11 
 1.73000000e-01  9.31334752e-11 
 1.74000000e-01  9.55067888e-11 
 1.75000000e-01  9.79404867e-11 
 1.76000000e-01  1.00436102e-10 
 1.77000000e-01  1.02995205e-10 
 1.78000000e-01  1.05619408e-10 
 1.79000000e-01  1.08310364e-10 
 1.80000000e-01  1.11069764e-10 
 1.81000000e-01  1.13899347e-10 
 1.82000000e-01  1.16800892e-10 
 1.83000000e-01  1.19776225e-10 
 1.84000000e-01  1.22827218e-10 
 1.85000000e-01  1.25955790e-10 
 1.86000000e-01  1.29163907e-10 
 1.87000000e-01  1.32453587e-10 
 1.88000000e-01  1.35826898e-10 
 1.89000000e-01  1.39285960e-10 
 1.90000000e-01  1.42832947e-10 
 1.91000000e-01  1.46470087e-10 
 1.92000000e-01  1.50199665e-10 
 1.93000000e-01  1.54024024e-10 
 1.94000000e-01  1.57945565e-10 
 1.95000000e-01  1.61966751e-10 
 1.96000000e-01  1.66090105e-10 
 1.97000000e-01  1.70318216e-10 
 1.98000000e-01  1.74653737e-10 
 1.99000000e-01  1.79099388e-10 
 2.00000000e-01  1.83657957e-10 
 2.01000000e-01  1.88332304e-10 
 2.02000000e-01  1.93125359e-10 
 2.03000000e-01  1.98040127e-10 
 2.04000000e-01  2.03079688e-10 
 2.05000000e-01  2.08247202e-10 
 2.06000000e-01  2.13545904e-10 
 2.07000000e-01  2.18979114e-10 
 2.08000000e-01  2.24550235e-10 
 2.09000000e-01  2.30262755e-10 
 2.10000000e-01  2.36120249e-10 
 2.11000000e-01  2.42126384e-10 
 2.12000000e-01  2.48284918e-10 
 2.13000000e-01  2.54599703e-10 
 2.14000000e-01  2.61074689e-10 
 2.15000000e-01  2.67713924e-10 
 2.16000000e-01  2.74521559e-10 
 2.17000000e-01  2.81501848e-10 
 2.18000000e-01  2.88659152e-10 
 2.19000000e-01  2.95997944e-10 
 2.20000000e-01  3.03522806e-10 
 2.21000000e-01  3.11238436e-10 
 2.22000000e-01  3.19149652e-10 
 2.23000000e-01  3.27261388e-10 
 2.24000000e-01  3.35578708e-10 
 2.25000000e-01  3.44106798e-10 
 2.26000000e-01  3.52850977e-10 
 2.27000000e-01  3.61816695e-10 
 2.28000000e-01  3.71009540e-10 
 2.29000000e-01  3.80435241e-10 
 2.30000000e-01  3.90099667e-10 
 2.31000000e-01  4.00008839e-10 
 2.32000000e-01  4.10168923e-10 
 2.33000000e-01  4.20586245e-10 
 2.34000000e-01  4.31267285e-10 
 2.35000000e-01  4.42218686e-10 
 2.36000000e-01  4.53447259e-10 
 2.37000000e-01  4.64959984e-10 
 2.38000000e-01  4.76764015e-10 
 2.39000000e-01  4.88866685e-10 
 2.40000000e-01  5.01275511e-10 
 2.41000000e-01  5.13998197e-10 
 2.42000000e-01  5.27042640e-10 
 2.43000000e-01  5.40416933e-10 
 2.44000000e-01  5.54129371e-10 
 2.45000000e-01  5.68188458e-10 
 2.46000000e-01  5.82602907e-10 
 2.47000000e-01  5.97381650e-10 
 2.48000000e-01  6.12533842e-10 
 2.49000000e-01  6.28068865e-10 
 2.50000000e-01  6.43996335e-10 
 2.51000000e-01  6.60326108e-10 
 2.52000000e-01  6.77068284e-10 
 2.53000000e-01  6.94233216e-10 
 2.54000000e-01  7.11831512e-10 
 2.55000000e-01  7.29874048e-10 
 2.56000000e-01  7.48371965e-10 
 2.57000000e-01  7.67336686e-10 
 2.58000000e-01  7.86779913e-10 
 2.59000000e-01  8.06713643e-10 
 2.60000000e-01  8.27150168e-10 
 2.61000000e-01  8.48102085e-10 
 2.62000000e-01  8.69582305e-10 
 2.63000000e-01  8.91604059e-10 
 2.64000000e-01  9.14180903e-10 
 2.65000000e-01  9.37326733e-10 
 2.66000000e-01  9.61055787e-10 
 2.67000000e-01  9.85382656e-10 
 2.68000000e-01  1.01032229e-09 
 2.69000000e-01  1.03589002e-09 
 2.70000000e-01  1.06210153e-09 
 2.71000000e-01  1.08897292e-09 
 2.72000000e-01  1.11652068e-09 
 2.73000000e-01  1.14476169e-09 
 2.74000000e-01  1.17371328e-09 
 2.75000000e-01  1.20339317e-09 
 2.76000000e-01  1.23381954e-09 
 2.77000000e-01  1.26501102e-09 
 2.78000000e-01  1.29698669e-09 
 2.79000000e-01  1.32976610e-09 
 2.80000000e-01  1.36336929e-09 
 2.81000000e-01  1.39781678e-09 
 2.82000000e-01  1.43312961e-09 
 2.83000000e-01  1.46932932e-09 
 2.84000000e-01  1.50643800e-09 
 2.85000000e-01  1.54447827e-09 
 2.86000000e-01  1.58347330e-09 
 2.87000000e-01  1.62344685e-09 
 2.88000000e-01  1.66442323e-09 
 2.89000000e-01  1.70642738e-09 
 2.90000000e-01  1.74948483e-09 
 2.91000000e-01  1.79362175e-09 
 2.92000000e-01  1.83886494e-09 
 2.93000000e-01  1.88524185e-09 
 2.94000000e-01  1.93278062e-09 
 2.95000000e-01  1.98151006e-09 
 2.96000000e-01  2.03145971e-09 
 2.97000000e-01  2.08265979e-09 
 2.98000000e-01  2.13514129e-09 
 2.99000000e-01  2.18893595e-09 
 3.00000000e-01  2.24407628e-09 
 3.01000000e-01  2.30059559e-09 
 3.02000000e-01  2.35852798e-09 
 3.03000000e-01  2.41790841e-09 
 3.04000000e-01  2.47877266e-09 
 3.05000000e-01  2.54115740e-09 
 3.06000000e-01  2.60510019e-09 
 3.07000000e-01  2.67063950e-09 
 3.08000000e-01  2.73781472e-09 
 3.09000000e-01  2.80666622e-09 
 3.10000000e-01  2.87723532e-09 
 3.11000000e-01  2.94956437e-09 
 3.12000000e-01  3.02369673e-09 
 3.13000000e-01  3.09967681e-09 
 3.14000000e-01  3.17755010e-09 
 3.15000000e-01  3.25736316e-09 
 3.16000000e-01  3.33916373e-09 
 3.17000000e-01  3.42300064e-09 
 3.18000000e-01  3.50892396e-09 
 3.19000000e-01  3.59698490e-09 
 3.20000000e-01  3.68723596e-09 
 3.21000000e-01  3.77973088e-09 
 3.22000000e-01  3.87452469e-09 
 3.23000000e-01  3.97167374e-09 
 3.24000000e-01  4.07123575e-09 
 3.25000000e-01  4.17326980e-09 
 3.26000000e-01  4.27783641e-09 
 3.27000000e-01  4.38499755e-09 
 3.28000000e-01  4.49481666e-09 
 3.29000000e-01  4.60735869e-09 
 3.30000000e-01  4.72269018e-09 
 3.31000000e-01  4.84087921e-09 
 3.32000000e-01  4.96199554e-09 
 3.33000000e-01  5.08611055e-09 
 3.34000000e-01  5.21329733e-09 
 3.35000000e-01  5.34363074e-09 
 3.36000000e-01  5.47718739e-09 
 3.37000000e-01  5.61404571e-09 
 3.38000000e-01  5.75428603e-09 
 3.39000000e-01  5.89799054e-09 
 3.40000000e-01  6.04524342e-09 
 3.41000000e-01  6.19613082e-09 
 3.42000000e-01  6.35074093e-09 
 3.43000000e-01  6.50916406e-09 
 3.44000000e-01  6.67149260e-09 
 3.45000000e-01  6.83782118e-09 
 3.46000000e-01  7.00824662e-09 
 3.47000000e-01  7.18286804e-09 
 3.48000000e-01  7.36178691e-09 
 3.49000000e-01  7.54510706e-09 
 3.50000000e-01  7.73293477e-09 
 3.51000000e-01  7.92537884e-09 
 3.52000000e-01  8.12255060e-09 
 3.53000000e-01  8.32456399e-09 
 3.54000000e-01  8.53153564e-09 
 3.55000000e-01  8.74358489e-09 
 3.56000000e-01  8.96083389e-09 
 3.57000000e-01  9.18340762e-09 
 3.58000000e-01  9.41143400e-09 
 3.59000000e-01  9.64504393e-09 
 3.60000000e-01  9.88437134e-09 
 3.61000000e-01  1.01295533e-08 
 3.62000000e-01  1.03807301e-08 
 3.63000000e-01  1.06380451e-08 
 3.64000000e-01  1.09016453e-08 
 3.65000000e-01  1.11716809e-08 
 3.66000000e-01  1.14483056e-08 
 3.67000000e-01  1.17316766e-08 
 3.68000000e-01  1.20219550e-08 
 3.69000000e-01  1.23193052e-08 
 3.70000000e-01  1.26238958e-08 
 3.71000000e-01  1.29358991e-08 
 3.72000000e-01  1.32554912e-08 
 3.73000000e-01  1.35828526e-08 
 3.74000000e-01  1.39181676e-08 
 3.75000000e-01  1.42616250e-08 
 3.76000000e-01  1.46134178e-08 
 3.77000000e-01  1.49737435e-08 
 3.78000000e-01  1.53428039e-08 
 3.79000000e-01  1.57208056e-08 
 3.80000000e-01  1.61079600e-08 
 3.81000000e-01  1.65044830e-08 
 3.82000000e-01  1.69105957e-08 
 3.83000000e-01  1.73265241e-08 
 3.84000000e-01  1.77524994e-08 
 3.85000000e-01  1.81887579e-08 
 3.86000000e-01  1.86355415e-08 
 3.87000000e-01  1.90930974e-08 
 3.88000000e-01  1.95616783e-08 
 3.89000000e-01  2.00415428e-08 
 3.90000000e-01  2.05329552e-08 
 3.91000000e-01  2.10361859e-08 
 3.92000000e-01  2.15515112e-08 
 3.93000000e-01  2.20792137e-08 
 3.94000000e-01  2.26195824e-08 
 3.95000000e-01  2.31729127e-08 
 3.96000000e-01  2.37395066e-08 
 3.97000000e-01  2.43196728e-08 
 3.98000000e-01  2.49137271e-08 
 3.99000000e-01  2.55219921e-08 
 4.00000000e-01  2.61447977e-08 
 4.01000000e-01  2.67824812e-08 
 4.02000000e-01  2.74353874e-08 
 4.03000000e-01  2.81038685e-08 
 4.04000000e-01  2.87882848e-08 
 4.05000000e-01  2.94890044e-08 
 4.06000000e-01  3.02064037e-08 
 4.07000000e-01  3.09408671e-08 
 4.08000000e-01  3.16927879e-08 
 4.09000000e-01  3.24625678e-08 
 4.10000000e-01  3.32506173e-08 
 4.11000000e-01  3.40573561e-08 
 4.12000000e-01  3.48832128e-08 
 4.13000000e-01  3.57286259e-08 
 4.14000000e-01  3.65940429e-08 
 4.15000000e-01  3.74799215e-08 
 4.16000000e-01  3.83867292e-08 
 4.17000000e-01  3.93149437e-08 
 4.18000000e-01  4.02650533e-08 
 4.19000000e-01  4.12375566e-08 
 4.20000000e-01  4.22329633e-08 
 4.21000000e-01  4.32517939e-08 
 4.22000000e-01  4.42945803e-08 
 4.23000000e-01  4.53618660e-08 
 4.24000000e-01  4.64542061e-08 
 4.25000000e-01  4.75721677e-08 
 4.26000000e-01  4.87163300e-08 
 4.27000000e-01  4.98872850e-08 
 4.28000000e-01  5.10856370e-08 
 4.29000000e-01  5.23120036e-08 
 4.30000000e-01  5.35670154e-08 
 4.31000000e-01  5.48513167e-08 
 4.32000000e-01  5.61655653e-08 
 4.33000000e-01  5.75104333e-08 
 4.34000000e-01  5.88866071e-08 
 4.35000000e-01  6.02947875e-08 
 4.36000000e-01  6.17356903e-08 
 4.37000000e-01  6.32100467e-08 
 4.38000000e-01  6.47186032e-08 
 4.39000000e-01  6.62621220e-08 
 4.40000000e-01  6.78413818e-08 
 4.41000000e-01  6.94571773e-08 
 4.42000000e-01  7.11103202e-08 
 4.43000000e-01  7.28016395e-08 
 4.44000000e-01  7.45319812e-08 
 4.45000000e-01  7.63022094e-08 
 4.46000000e-01  7.81132062e-08 
 4.47000000e-01  7.99658723e-08 
 4.48000000e-01  8.18611272e-08 
 4.49000000e-01  8.37999095e-08 
 4.50000000e-01  8.57831777e-08 
 4.51000000e-01  8.78119099e-08 
 4.52000000e-01  8.98871050e-08 
 4.53000000e-01  9.20097823e-08 
 4.54000000e-01  9.41809826e-08 
 4.55000000e-01  9.64017680e-08 
 4.56000000e-01  9.86732229e-08 
 4.57000000e-01  1.00996454e-07 
 4.58000000e-01  1.03372591e-07 
 4.59000000e-01  1.05802786e-07 
 4.60000000e-01  1.08288217e-07 
 4.61000000e-01  1.10830085e-07 
 4.62000000e-01  1.13429614e-07 
 4.63000000e-01  1.16088057e-07 
 4.64000000e-01  1.18806689e-07 
 4.65000000e-01  1.21586813e-07 
 4.66000000e-01  1.24429758e-07 
 4.67000000e-01  1.27336882e-07 
 4.68000000e-01  1.30309569e-07 
 4.69000000e-01  1.33349230e-07 
 4.70000000e-01  1.36457308e-07 
 4.71000000e-01  1.39635274e-07 
 4.72000000e-01  1.42884627e-07 
 4.73000000e-01  1.46206898e-07 
 4.74000000e-01  1.49603651e-07 
 4.75000000e-01  1.53076478e-07 
 4.76000000e-01  1.56627006e-07 
 4.77000000e-01  1.60256894e-07 
 4.78000000e-01  1.63967834e-07 
 4.79000000e-01  1.67761552e-07 
 4.80000000e-01  1.71639810e-07 
 4.81000000e-01  1.75604405e-07 
 4.82000000e-01  1.79657169e-07 
 4.83000000e-01  1.83799972e-07 
 4.84000000e-01  1.88034720e-07 
 4.85000000e-01  1.92363360e-07 
 4.86000000e-01  1.96787875e-07 
 4.87000000e-01  2.01310288e-07 
 4.88000000e-01  2.05932665e-07 
 4.89000000e-01  2.10657109e-07 
 4.90000000e-01  2.15485768e-07 
 4.91000000e-01  2.20420832e-07 
 4.92000000e-01  2.25464533e-07 
 4.93000000e-01  2.30619148e-07 
 4.94000000e-01  2.35887001e-07 
 4.95000000e-01  2.41270459e-07 
 4.96000000e-01  2.46771936e-07 
 4.97000000e-01  2.52393895e-07 
 4.98000000e-01  2.58138848e-07 
 4.99000000e-01  2.64009352e-07 
 5.00000000e-01  2.70008020e-07 
 5.01000000e-01  2.76137512e-07 
 5.02000000e-01  2.82400541e-07 
 5.03000000e-01  2.88799873e-07 
 5.04000000e-01  2.95338329e-07 
 5.05000000e-01  3.02018783e-07 
 5.06000000e-01  3.08844164e-07 
 5.07000000e-01  3.15817462e-07 
 5.08000000e-01  3.22941720e-07 
 5.09000000e-01  3.30220041e-07 
 5.10000000e-01  3.37655590e-07 
 5.11000000e-01  3.45251591e-07 
 5.12000000e-01  3.53011329e-07 
 5.13000000e-01  3.60938152e-07 
 5.14000000e-01  3.69035475e-07 
 5.15000000e-01  3.77306773e-07 
 5.16000000e-01  3.85755591e-07 
 5.17000000e-01  3.94385539e-07 
 5.18000000e-01  4.03200297e-07 
 5.19000000e-01  4.12203613e-07 
 5.20000000e-01  4.21399305e-07 
 5.21000000e-01  4.30791263e-07 
 5.22000000e-01  4.40383452e-07 
 5.23000000e-01  4.50179908e-07 
 5.24000000e-01  4.60184742e-07 
 5.25000000e-01  4.70402143e-07 
 5.26000000e-01  4.80836377e-07 
 5.27000000e-01  4.91491788e-07 
 5.28000000e-01  5.02372799e-07 
 5.29000000e-01  5.13483915e-07 
 5.30000000e-01  5.24829723e-07 
 5.31000000e-01  5.36414893e-07 
 5.32000000e-01  5.48244178e-07 
 5.33000000e-01  5.60322420e-07 
 5.34000000e-01  5.72654545e-07 
 5.35000000e-01  5.85245569e-07 
 5.36000000e-01  5.98100594e-07 
 5.37000000e-01  6.11224816e-07 
 5.38000000e-01  6.24623520e-07 
 5.39000000e-01  6.38302086e-07 
 5.40000000e-01  6.52265987e-07 
 5.41000000e-01  6.66520790e-07 
 5.42000000e-01  6.81072160e-07 
 5.43000000e-01  6.95925858e-07 
 5.44000000e-01  7.11087744e-07 
 5.45000000e-01  7.26563778e-07 
 5.46000000e-01  7.42360021e-07 
 5.47000000e-01  7.58482636e-07 
 5.48000000e-01  7.74937887e-07 
 5.49000000e-01  7.91732145e-07 
 5.50000000e-01  8.08871885e-07 
 5.51000000e-01  8.26363686e-07 
 5.52000000e-01  8.44214238e-07 
 5.53000000e-01  8.62430335e-07 
 5.54000000e-01  8.81018885e-07 
 5.55000000e-01  8.99986900e-07 
 5.56000000e-01  9.19341509e-07 
 5.57000000e-01  9.39089948e-07 
 5.58000000e-01  9.59239568e-07 
 5.59000000e-01  9.79797833e-07 
 5.60000000e-01  1.00077232e-06 
 5.61000000e-01  1.02217073e-06 
 5.62000000e-01  1.04400085e-06 
 5.63000000e-01  1.06627063e-06 
 5.64000000e-01  1.08898810e-06 
 5.65000000e-01  1.11216142e-06 
 5.66000000e-01  1.13579887e-06 
 5.67000000e-01  1.15990884e-06 
 5.68000000e-01  1.18449985e-06 
 5.69000000e-01  1.20958053e-06 
 5.70000000e-01  1.23515963e-06 
 5.71000000e-01  1.26124602e-06 
 5.72000000e-01  1.28784871e-06 
 5.73000000e-01  1.31497679e-06 
 5.74000000e-01  1.34263951e-06 
 5.75000000e-01  1.37084621e-06 
 5.76000000e-01  1.39960637e-06 
 5.77000000e-01  1.42892958e-06 
 5.78000000e-01  1.45882555e-06 
 5.79000000e-01  1.48930411e-06 
 5.80000000e-01  1.52037522e-06 
 5.81000000e-01  1.55204893e-06 
 5.82000000e-01  1.58433544e-06 
 5.83000000e-01  1.61724505e-06 
 5.84000000e-01  1.65078818e-06 
 5.85000000e-01  1.68497537e-06 
 5.86000000e-01  1.71981726e-06 
 5.87000000e-01  1.75532462e-06 
 5.88000000e-01  1.79150834e-06 
 5.89000000e-01  1.82837939e-06 
 5.90000000e-01  1.86594889e-06 
 5.91000000e-01  1.90422803e-06 
 5.92000000e-01  1.94322815e-06 
 5.93000000e-01  1.98296065e-06 
 5.94000000e-01  2.02343708e-06 
 5.95000000e-01  2.06466907e-06 
 5.96000000e-01  2.10666834e-06 
 5.97000000e-01  2.14944674e-06 
 5.98000000e-01  2.19301619e-06 
 5.99000000e-01  2.23738872e-06 
 6.00000000e-01  2.28257644e-06 
 6.01000000e-01  2.32859158e-06 
 6.02000000e-01  2.37544642e-06 
 6.03000000e-01  2.42315336e-06 
 6.04000000e-01  2.47172486e-06 
 6.05000000e-01  2.52117347e-06 
 6.06000000e-01  2.57151182e-06 
 6.07000000e-01  2.62275261e-06 
 6.08000000e-01  2.67490862e-06 
 6.09000000e-01  2.72799269e-06 
 6.10000000e-01  2.78201773e-06 
 6.11000000e-01  2.83699671e-06 
 6.12000000e-01  2.89294266e-06 
 6.13000000e-01  2.94986867e-06 
 6.14000000e-01  3.00778789e-06 
 6.15000000e-01  3.06671349e-06 
 6.16000000e-01  3.12665872e-06 
 6.17000000e-01  3.18763684e-06 
 6.18000000e-01  3.24966117e-06 
 6.19000000e-01  3.31274506e-06 
 6.20000000e-01  3.37690187e-06 
 6.21000000e-01  3.44214500e-06 
 6.22000000e-01  3.50848787e-06 
 6.23000000e-01  3.57594393e-06 
 6.24000000e-01  3.64452661e-06 
 6.25000000e-01  3.71424937e-06 
 6.26000000e-01  3.78512567e-06 
 6.27000000e-01  3.85716897e-06 
 6.28000000e-01  3.93039272e-06 
 6.29000000e-01  4.00481036e-06 
 6.30000000e-01  4.08043530e-06 
 6.31000000e-01  4.15728097e-06 
 6.32000000e-01  4.23536073e-06 
 6.33000000e-01  4.31468794e-06 
 6.34000000e-01  4.39527591e-06 
 6.35000000e-01  4.47713791e-06 
 6.36000000e-01  4.56028718e-06 
 6.37000000e-01  4.64473689e-06 
 6.38000000e-01  4.73050018e-06 
 6.39000000e-01  4.81759011e-06 
 6.40000000e-01  4.90601967e-06 
 6.41000000e-01  4.99580180e-06 
 6.42000000e-01  5.08694937e-06 
 6.43000000e-01  5.17947514e-06 
 6.44000000e-01  5.27339180e-06 
 6.45000000e-01  5.36871196e-06 
 6.46000000e-01  5.46544813e-06 
 6.47000000e-01  5.56361271e-06 
 6.48000000e-01  5.66321801e-06 
 6.49000000e-01  5.76427621e-06 
 6.50000000e-01  5.86679940e-06 
 6.51000000e-01  5.97079953e-06 
 6.52000000e-01  6.07628844e-06 
 6.53000000e-01  6.18327782e-06 
 6.54000000e-01  6.29177926e-06 
 6.55000000e-01  6.40180417e-06 
 6.56000000e-01  6.51336386e-06 
 6.57000000e-01  6.62646945e-06 
 6.58000000e-01  6.74113194e-06 
 6.59000000e-01  6.85736215e-06 
 6.60000000e-01  6.97517076e-06 
 6.61000000e-01  7.09456826e-06 
 6.62000000e-01  7.21556499e-06 
 6.63000000e-01  7.33817112e-06 
 6.64000000e-01  7.46239661e-06 
 6.65000000e-01  7.58825128e-06 
 6.66000000e-01  7.71574472e-06 
 6.67000000e-01  7.84488638e-06 
 6.68000000e-01  7.97568548e-06 
 6.69000000e-01  8.10815105e-06 
 6.70000000e-01  8.24229193e-06 
 6.71000000e-01  8.37811675e-06 
 6.72000000e-01  8.51563393e-06 
 6.73000000e-01  8.65485168e-06 
 6.74000000e-01  8.79577801e-06 
 6.75000000e-01  8.93842071e-06 
 6.76000000e-01  9.08278733e-06 
 6.77000000e-01  9.22888523e-06 
 6.78000000e-01  9.37672153e-06 
 6.79000000e-01  9.52630312e-06 
 6.80000000e-01  9.67763667e-06 
 6.81000000e-01  9.83072862e-06 
 6.82000000e-01  9.98558518e-06 
 6.83000000e-01  1.01422123e-05 
 6.84000000e-01  1.03006158e-05 
 6.85000000e-01  1.04608010e-05 
 6.86000000e-01  1.06227734e-05 
 6.87000000e-01  1.07865378e-05 
 6.88000000e-01  1.09520991e-05 
 6.89000000e-01  1.11194618e-05 
 6.90000000e-01  1.12886302e-05 
 6.91000000e-01  1.14596084e-05 
 6.92000000e-01  1.16324001e-05 
 6.93000000e-01  1.18070089e-05 
 6.94000000e-01  1.19834382e-05 
 6.95000000e-01  1.21616909e-05 
 6.96000000e-01  1.23417700e-05 
 6.97000000e-01  1.25236780e-05 
 6.98000000e-01  1.27074172e-05 
 6.99000000e-01  1.28929897e-05 
 7.00000000e-01  1.30803974e-05 
 7.01000000e-01  1.32696418e-05 
 7.02000000e-01  1.34607243e-05 
 7.03000000e-01  1.36536460e-05 
 7.04000000e-01  1.38484079e-05 
 7.05000000e-01  1.40450104e-05 
 7.06000000e-01  1.42434541e-05 
 7.07000000e-01  1.44437390e-05 
 7.08000000e-01  1.46458650e-05 
 7.09000000e-01  1.48498319e-05 
 7.10000000e-01  1.50556391e-05 
 7.11000000e-01  1.52632858e-05 
 7.12000000e-01  1.54727710e-05 
 7.13000000e-01  1.56840934e-05 
 7.14000000e-01  1.58972515e-05 
 7.15000000e-01  1.61122437e-05 
 7.16000000e-01  1.63290681e-05 
 7.17000000e-01  1.65477224e-05 
 7.18000000e-01  1.67682044e-05 
 7.19000000e-01  1.69905114e-05 
 7.20000000e-01  1.72146407e-05 
 7.21000000e-01  1.74405893e-05 
 7.22000000e-01  1.76683539e-05 
 7.23000000e-01  1.78979312e-05 
 7.24000000e-01  1.81293176e-05 
 7.25000000e-01  1.83625092e-05 
 7.26000000e-01  1.85975021e-05 
 7.27000000e-01  1.88342920e-05 
 7.28000000e-01  1.90728745e-05 
 7.29000000e-01  1.93132451e-05 
 7.30000000e-01  1.95553991e-05 
 7.31000000e-01  1.97993314e-05 
 7.32000000e-01  2.00450370e-05 
 7.33000000e-01  2.02925106e-05 
 7.34000000e-01  2.05417467e-05 
 7.35000000e-01  2.07927397e-05 
 7.36000000e-01  2.10454838e-05 
 7.37000000e-01  2.12999730e-05 
 7.38000000e-01  2.15562013e-05 
 7.39000000e-01  2.18141624e-05 
 7.40000000e-01  2.20738498e-05 
 7.41000000e-01  2.23352571e-05 
 7.42000000e-01  2.25983774e-05 
 7.43000000e-01  2.28632041e-05 
 7.44000000e-01  2.31297300e-05 
 7.45000000e-01  2.33979482e-05 
 7.46000000e-01  2.36678513e-05 
 7.47000000e-01  2.39394320e-05 
 7.48000000e-01  2.42126829e-05 
 7.49000000e-01  2.44875963e-05 
 7.50000000e-01  2.47641644e-05 
 7.51000000e-01  2.50423796e-05 
 7.52000000e-01  2.53222339e-05 
 7.53000000e-01  2.56037191e-05 
 7.54000000e-01  2.58868273e-05 
 7.55000000e-01  2.61715502e-05 
 7.56000000e-01  2.64578793e-05 
 7.57000000e-01  2.67458065e-05 
 7.58000000e-01  2.70353230e-05 
 7.59000000e-01  2.73264204e-05 
 7.60000000e-01  2.76190900e-05 
 7.61000000e-01  2.79133231e-05 
 7.62000000e-01  2.82091109e-05 
 7.63000000e-01  2.85064444e-05 
 7.64000000e-01  2.88053147e-05 
 7.65000000e-01  2.91057129e-05 
 7.66000000e-01  2.94076298e-05 
 7.67000000e-01  2.97110565e-05 
 7.68000000e-01  3.00159835e-05 
 7.69000000e-01  3.03224019e-05 
 7.70000000e-01  3.06303022e-05 
 7.71000000e-01  3.09396752e-05 
 7.72000000e-01  3.12505115e-05 
 7.73000000e-01  3.15628018e-05 
 7.74000000e-01  3.18765366e-05 
 7.75000000e-01  3.21917064e-05 
 7.76000000e-01  3.25083018e-05 
 7.77000000e-01  3.28263132e-05 
 7.78000000e-01  3.31457311e-05 
 7.79000000e-01  3.34665461e-05 
 7.80000000e-01  3.37887483e-05 
 7.81000000e-01  3.41123284e-05 
 7.82000000e-01  3.44372767e-05 
 7.83000000e-01  3.47635836e-05 
 7.84000000e-01  3.50912394e-05 
 7.85000000e-01  3.54202346e-05 
 7.86000000e-01  3.57505594e-05 
 7.87000000e-01  3.60822044e-05 
 7.88000000e-01  3.64151597e-05 
 7.89000000e-01  3.67494159e-05 
 7.90000000e-01  3.70849633e-05 
 7.91000000e-01  3.74217923e-05 
 7.92000000e-01  3.77598932e-05 
 7.93000000e-01  3.80992566e-05 
 7.94000000e-01  3.84398728e-05 
 7.95000000e-01  3.87817322e-05 
 7.96000000e-01  3.91248254e-05 
 7.97000000e-01  3.94691428e-05 
 7.98000000e-01  3.98146749e-05 
 7.99000000e-01  4.01614122e-05 
 8.00000000e-01  4.05093452e-05 
 8.01000000e-01  4.08584647e-05 
 8.02000000e-01  4.12087611e-05 
 8.03000000e-01  4.15602250e-05 
 8.04000000e-01  4.19128473e-05 
 8.05000000e-01  4.22666185e-05 
 8.06000000e-01  4.26215293e-05 
 8.07000000e-01  4.29775707e-05 
 8.08000000e-01  4.33347333e-05 
 8.09000000e-01  4.36930080e-05 
 8.10000000e-01  4.40523857e-05 
 8.11000000e-01  4.44128573e-05 
 8.12000000e-01  4.47744138e-05 
 8.13000000e-01  4.51370461e-05 
 8.14000000e-01  4.55007454e-05 
 8.15000000e-01  4.58655028e-05 
 8.16000000e-01  4.62313093e-05 
 8.17000000e-01  4.65981562e-05 
 8.18000000e-01  4.69660348e-05 
 8.19000000e-01  4.73349362e-05 
 8.20000000e-01  4.77048519e-05 
 8.21000000e-01  4.80757732e-05 
 8.22000000e-01  4.84476915e-05 
 8.23000000e-01  4.88205984e-05 
 8.24000000e-01  4.91944854e-05 
 8.25000000e-01  4.95693441e-05 
 8.26000000e-01  4.99451662e-05 
 8.27000000e-01  5.03219433e-05 
 8.28000000e-01  5.06996672e-05 
 8.29000000e-01  5.10783298e-05 
 8.30000000e-01  5.14579229e-05 
 8.31000000e-01  5.18384384e-05 
 8.32000000e-01  5.22198684e-05 
 8.33000000e-01  5.26022048e-05 
 8.34000000e-01  5.29854399e-05 
 8.35000000e-01  5.33695656e-05 
 8.36000000e-01  5.37545744e-05 
 8.37000000e-01  5.41404584e-05 
 8.38000000e-01  5.45272101e-05 
 8.39000000e-01  5.49148217e-05 
 8.40000000e-01  5.53032857e-05 
 8.41000000e-01  5.56925948e-05 
 8.42000000e-01  5.60827414e-05 
 8.43000000e-01  5.64737181e-05 
 8.44000000e-01  5.68655178e-05 
 8.45000000e-01  5.72581332e-05 
 8.46000000e-01  5.76515570e-05 
 8.47000000e-01  5.80457821e-05 
 8.48000000e-01  5.84408016e-05 
 8.49000000e-01  5.88366084e-05 
 8.50000000e-01  5.92331955e-05 
 8.51000000e-01  5.96305562e-05 
 8.52000000e-01  6.00286835e-05 
 8.53000000e-01  6.04275707e-05 
 8.54000000e-01  6.08272112e-05 
 8.55000000e-01  6.12275982e-05 
 8.56000000e-01  6.16287253e-05 
 8.57000000e-01  6.20305859e-05 
 8.58000000e-01  6.24331735e-05 
 8.59000000e-01  6.28364818e-05 
 8.60000000e-01  6.32405045e-05 
 8.61000000e-01  6.36452352e-05 
 8.62000000e-01  6.40506677e-05 
 8.63000000e-01  6.44567959e-05 
 8.64000000e-01  6.48636138e-05 
 8.65000000e-01  6.52711151e-05 
 8.66000000e-01  6.56792941e-05 
 8.67000000e-01  6.60881447e-05 
 8.68000000e-01  6.64976611e-05 
 8.69000000e-01  6.69078374e-05 
 8.70000000e-01  6.73186681e-05 
 8.71000000e-01  6.77301472e-05 
 8.72000000e-01  6.81422693e-05 
 8.73000000e-01  6.85550287e-05 
 8.74000000e-01  6.89684199e-05 
 8.75000000e-01  6.93824375e-05 
 8.76000000e-01  6.97970760e-05 
 8.77000000e-01  7.02123301e-05 
 8.78000000e-01  7.06281945e-05 
 8.79000000e-01  7.10446639e-05 
 8.80000000e-01  7.14617331e-05 
 8.81000000e-01  7.18793971e-05 
 8.82000000e-01  7.22976507e-05 
 8.83000000e-01  7.27164888e-05 
 8.84000000e-01  7.31359066e-05 
 8.85000000e-01  7.35558991e-05 
 8.86000000e-01  7.39764614e-05 
 8.87000000e-01  7.43975886e-05 
 8.88000000e-01  7.48192761e-05 
 8.89000000e-01  7.52415191e-05 
 8.90000000e-01  7.56643129e-05 
 8.91000000e-01  7.60876529e-05 
 8.92000000e-01  7.65115345e-05 
 8.93000000e-01  7.69359532e-05 
 8.94000000e-01  7.73609046e-05 
 8.95000000e-01  7.77863841e-05 
 8.96000000e-01  7.82123875e-05 
 8.97000000e-01  7.86389104e-05 
 8.98000000e-01  7.90659485e-05 
 8.99000000e-01  7.94934975e-05 
 9.00000000e-01  7.99215533e-05 
 9.01000000e-01  8.03501117e-05 
 9.02000000e-01  8.07791687e-05 
 9.03000000e-01  8.12087201e-05 
 9.04000000e-01  8.16387620e-05 
 9.05000000e-01  8.20692904e-05 
 9.06000000e-01  8.25003013e-05 
 9.07000000e-01  8.29317909e-05 
 9.08000000e-01  8.33637554e-05 
 9.09000000e-01  8.37961909e-05 
 9.10000000e-01  8.42290937e-05 
 9.11000000e-01  8.46624600e-05 
 9.12000000e-01  8.50962863e-05 
 9.13000000e-01  8.55305688e-05 
 9.14000000e-01  8.59653040e-05 
 9.15000000e-01  8.64004883e-05 
 9.16000000e-01  8.68361182e-05 
 9.17000000e-01  8.72721902e-05 
 9.18000000e-01  8.77087009e-05 
 9.19000000e-01  8.81456469e-05 
 9.20000000e-01  8.85830248e-05 
 9.21000000e-01  8.90208314e-05 
 9.22000000e-01  8.94590632e-05 
 9.23000000e-01  8.98977171e-05 
 9.24000000e-01  9.03367899e-05 
 9.25000000e-01  9.07762783e-05 
 9.26000000e-01  9.12161792e-05 
 9.27000000e-01  9.16564896e-05 
 9.28000000e-01  9.20972062e-05 
 9.29000000e-01  9.25383262e-05 
 9.30000000e-01  9.29798465e-05 
 9.31000000e-01  9.34217640e-05 
 9.32000000e-01  9.38640759e-05 
 9.33000000e-01  9.43067793e-05 
 9.34000000e-01  9.47498712e-05 
 9.35000000e-01  9.51933488e-05 
 9.36000000e-01  9.56372094e-05 
 9.37000000e-01  9.60814501e-05 
 9.38000000e-01  9.65260681e-05 
 9.39000000e-01  9.69710608e-05 
 9.40000000e-01  9.74164254e-05 
 9.41000000e-01  9.78621592e-05 
 9.42000000e-01  9.83082597e-05 
 9.43000000e-01  9.87547243e-05 
 9.44000000e-01  9.92015503e-05 
 9.45000000e-01  9.96487351e-05 
 9.46000000e-01  1.00096276e-04 
 9.47000000e-01  1.00544171e-04 
 9.48000000e-01  1.00992418e-04 
 9.49000000e-01  1.01441013e-04 
 9.50000000e-01  1.01889955e-04 
 9.51000000e-01  1.02339242e-04 
 9.52000000e-01  1.02788869e-04 
 9.53000000e-01  1.03238837e-04 
 9.54000000e-01  1.03689141e-04 
 9.55000000e-01  1.04139780e-04 
 9.56000000e-01  1.04590752e-04 
 9.57000000e-01  1.05042054e-04 
 9.58000000e-01  1.05493684e-04 
 9.59000000e-01  1.05945641e-04 
 9.60000000e-01  1.06397920e-04 
 9.61000000e-01  1.06850522e-04 
 9.62000000e-01  1.07303442e-04 
 9.63000000e-01  1.07756680e-04 
 9.64000000e-01  1.08210234e-04 
 9.65000000e-01  1.08664100e-04 
 9.66000000e-01  1.09118278e-04 
 9.67000000e-01  1.09572764e-04 
 9.68000000e-01  1.10027558e-04 
 9.69000000e-01  1.10482657e-04 
 9.70000000e-01  1.10938059e-04 
 9.71000000e-01  1.11393762e-04 
 9.72000000e-01  1.11849765e-04 
 9.73000000e-01  1.12306064e-04 
 9.74000000e-01  1.12762660e-04 
 9.75000000e-01  1.13219549e-04 
 9.76000000e-01  1.13676730e-04 
 9.77000000e-01  1.14134200e-04 
 9.78000000e-01  1.14591959e-04 
 9.79000000e-01  1.15050004e-04 
 9.80000000e-01  1.15508334e-04 
 9.81000000e-01  1.15966947e-04 
 9.82000000e-01  1.16425840e-04 
 9.83000000e-01  1.16885013e-04 
 9.84000000e-01  1.17344464e-04 
 9.85000000e-01  1.17804191e-04 
 9.86000000e-01  1.18264191e-04 
 9.87000000e-01  1.18724465e-04 
 9.88000000e-01  1.19185009e-04 
 9.89000000e-01  1.19645823e-04 
 9.90000000e-01  1.20106905e-04 
 9.91000000e-01  1.20568252e-04 
 9.92000000e-01  1.21029864e-04 
 9.93000000e-01  1.21491739e-04 
 9.94000000e-01  1.21953876e-04 
 9.95000000e-01  1.22416272e-04 
 9.96000000e-01  1.22878927e-04 
 9.97000000e-01  1.23341839e-04 
 9.98000000e-01  1.23805006e-04 
 9.99000000e-01  1.24268426e-04 
 1.00000000e+00  1.24732099e-04 
