 0.00000000e+00  4.69102984e-02 
 1.00000000e-03  4.69102988e-02 
 2.00000000e-03  4.69102992e-02 
 3.00000000e-03  4.69102996e-02 
 4.00000000e-03  4.69103000e-02 
 5.00000000e-03  4.69103004e-02 
 6.00000000e-03  4.69103008e-02 
 7.00000000e-03  4.69103012e-02 
 8.00000000e-03  4.69103016e-02 
 9.00000000e-03  4.69103021e-02 
 1.00000000e-02  4.69103025e-02 
 1.10000000e-02  4.69103030e-02 
 1.20000000e-02  4.69103035e-02 
 1.30000000e-02  4.69103040e-02 
 1.40000000e-02  4.69103045e-02 
 1.50000000e-02  4.69103050e-02 
 1.60000000e-02  4.69103055e-02 
 1.70000000e-02  4.69103061e-02 
 1.80000000e-02  4.69103066e-02 
 1.90000000e-02  4.69103072e-02 
 2.00000000e-02  4.69103078e-02 
 2.10000000e-02  4.69103084e-02 
 2.20000000e-02  4.69103090e-02 
 2.30000000e-02  4.69103097e-02 
 2.40000000e-02  4.69103103e-02 
 2.50000000e-02  4.69103110e-02 
 2.60000000e-02  4.69103117e-02 
 2.70000000e-02  4.69103124e-02 
 2.80000000e-02  4.69103131e-02 
 2.90000000e-02  4.69103138e-02 
 3.00000000e-02  4.69103146e-02 
 3.10000000e-02  4.69103154e-02 
 3.20000000e-02  4.69103162e-02 
 3.30000000e-02  4.69103170e-02 
 3.40000000e-02  4.69103178e-02 
 3.50000000e-02  4.69103187e-02 
 3.60000000e-02  4.69103196e-02 
 3.70000000e-02  4.69103205e-02 
 3.80000000e-02  4.69103214e-02 
 3.90000000e-02  4.69103223e-02 
 4.00000000e-02  4.69103233e-02 
 4.10000000e-02  4.69103243e-02 
 4.20000000e-02  4.69103253e-02 
 4.30000000e-02  4.69103264e-02 
 4.40000000e-02  4.69103275e-02 
 4.50000000e-02  4.69103286e-02 
 4.60000000e-02  4.69103297e-02 
 4.70000000e-02  4.69103309e-02 
 4.80000000e-02  4.69103321e-02 
 4.90000000e-02  4.69103333e-02 
 5.00000000e-02  4.69103346e-02 
 5.10000000e-02  4.69103358e-02 
 5.20000000e-02  4.69103372e-02 
 5.30000000e-02  4.69103385e-02 
 5.40000000e-02  4.69103399e-02 
 5.50000000e-02  4.69103413e-02 
 5.60000000e-02  4.69103428e-02 
 5.70000000e-02  4.69103443e-02 
 5.80000000e-02  4.69103458e-02 
 5.90000000e-02  4.69103474e-02 
 6.00000000e-02  4.69103490e-02 
 6.10000000e-02  4.69103507e-02 
 6.20000000e-02  4.69103524e-02 
 6.30000000e-02  4.69103541e-02 
 6.40000000e-02  4.69103559e-02 
 6.50000000e-02  4.69103577e-02 
 6.60000000e-02  4.69103596e-02 
 6.70000000e-02  4.69103615e-02 
 6.80000000e-02  4.69103635e-02 
 6.90000000e-02  4.69103655e-02 
 7.00000000e-02  4.69103676e-02 
 7.10000000e-02  4.69103697e-02 
 7.20000000e-02  4.69103719e-02 
 7.30000000e-02  4.69103742e-02 
 7.40000000e-02  4.69103765e-02 
 7.50000000e-02  4.69103788e-02 
 7.60000000e-02  4.69103812e-02 
 7.70000000e-02  4.69103837e-02 
 7.80000000e-02  4.69103863e-02 
 7.90000000e-02  4.69103889e-02 
 8.00000000e-02  4.69103915e-02 
 8.10000000e-02  4.69103943e-02 
 8.20000000e-02  4.69103971e-02 
 8.30000000e-02  4.69104000e-02 
 8.40000000e-02  4.69104029e-02 
 8.50000000e-02  4.69104060e-02 
 8.60000000e-02  4.69104091e-02 
 8.70000000e-02  4.69104123e-02 
 8.80000000e-02  4.69104155e-02 
 8.90000000e-02  4.69104189e-02 
 9.00000000e-02  4.69104223e-02 
 9.10000000e-02  4.69104259e-02 
 9.20000000e-02  4.69104295e-02 
 9.30000000e-02  4.69104332e-02 
 9.40000000e-02  4.69104370e-02 
 9.50000000e-02  4.69104409e-02 
 9.60000000e-02  4.69104449e-02 
 9.70000000e-02  4.69104490e-02 
 9.80000000e-02  4.69104532e-02 
 9.90000000e-02  4.69104575e-02 
 1.00000000e-01  4.69104620e-02 
 1.01000000e-01  4.69104665e-02 
 1.02000000e-01  4.69104712e-02 
 1.03000000e-01  4.69104759e-02 
 1.04000000e-01  4.69104808e-02 
 1.05000000e-01  4.69104858e-02 
 1.06000000e-01  4.69104910e-02 
 1.07000000e-01  4.69104963e-02 
 1.08000000e-01  4.69105017e-02 
 1.09000000e-01  4.69105072e-02 
 1.10000000e-01  4.69105129e-02 
 1.11000000e-01  4.69105188e-02 
 1.12000000e-01  4.69105248e-02 
 1.13000000e-01  4.69105309e-02 
 1.14000000e-01  4.69105372e-02 
 1.15000000e-01  4.69105437e-02 
 1.16000000e-01  4.69105503e-02 
 1.17000000e-01  4.69105571e-02 
 1.18000000e-01  4.69105640e-02 
 1.19000000e-01  4.69105712e-02 
 1.20000000e-01  4.69105785e-02 
 1.21000000e-01  4.69105860e-02 
 1.22000000e-01  4.69105937e-02 
 1.23000000e-01  4.69106016e-02 
 1.24000000e-01  4.69106097e-02 
 1.25000000e-01  4.69106180e-02 
 1.26000000e-01  4.69106266e-02 
 1.27000000e-01  4.69106353e-02 
 1.28000000e-01  4.69106443e-02 
 1.29000000e-01  4.69106534e-02 
 1.30000000e-01  4.69106629e-02 
 1.31000000e-01  4.69106725e-02 
 1.32000000e-01  4.69106824e-02 
 1.33000000e-01  4.69106926e-02 
 1.34000000e-01  4.69107030e-02 
 1.35000000e-01  4.69107137e-02 
 1.36000000e-01  4.69107247e-02 
 1.37000000e-01  4.69107359e-02 
 1.38000000e-01  4.69107474e-02 
 1.39000000e-01  4.69107592e-02 
 1.40000000e-01  4.69107714e-02 
 1.41000000e-01  4.69107838e-02 
 1.42000000e-01  4.69107965e-02 
 1.43000000e-01  4.69108096e-02 
 1.44000000e-01  4.69108230e-02 
 1.45000000e-01  4.69108368e-02 
 1.46000000e-01  4.69108508e-02 
 1.47000000e-01  4.69108653e-02 
 1.48000000e-01  4.69108801e-02 
 1.49000000e-01  4.69108953e-02 
 1.50000000e-01  4.69109109e-02 
 1.51000000e-01  4.69109269e-02 
 1.52000000e-01  4.69109433e-02 
 1.53000000e-01  4.69109601e-02 
 1.54000000e-01  4.69109773e-02 
 1.55000000e-01  4.69109950e-02 
 1.56000000e-01  4.69110131e-02 
 1.57000000e-01  4.69110317e-02 
 1.58000000e-01  4.69110508e-02 
 1.59000000e-01  4.69110703e-02 
 1.60000000e-01  4.69110904e-02 
 1.61000000e-01  4.69111109e-02 
 1.62000000e-01  4.69111320e-02 
 1.63000000e-01  4.69111536e-02 
 1.64000000e-01  4.69111758e-02 
 1.65000000e-01  4.69111985e-02 
 1.66000000e-01  4.69112218e-02 
 1.67000000e-01  4.69112457e-02 
 1.68000000e-01  4.69112702e-02 
 1.69000000e-01  4.69112953e-02 
 1.70000000e-01  4.69113211e-02 
 1.71000000e-01  4.69113475e-02 
 1.72000000e-01  4.69113746e-02 
 1.73000000e-01  4.69114024e-02 
 1.74000000e-01  4.69114309e-02 
 1.75000000e-01  4.69114601e-02 
 1.76000000e-01  4.69114901e-02 
 1.77000000e-01  4.69115208e-02 
 1.78000000e-01  4.69115523e-02 
 1.79000000e-01  4.69115846e-02 
 1.80000000e-01  4.69116178e-02 
 1.81000000e-01  4.69116517e-02 
 1.82000000e-01  4.69116866e-02 
 1.83000000e-01  4.69117223e-02 
 1.84000000e-01  4.69117589e-02 
 1.85000000e-01  4.69117965e-02 
 1.86000000e-01  4.69118350e-02 
 1.87000000e-01  4.69118745e-02 
 1.88000000e-01  4.69119150e-02 
 1.89000000e-01  4.69119565e-02 
 1.90000000e-01  4.69119991e-02 
 1.91000000e-01  4.69120428e-02 
 1.92000000e-01  4.69120876e-02 
 1.93000000e-01  4.69121335e-02 
 1.94000000e-01  4.69121806e-02 
 1.95000000e-01  4.69122288e-02 
 1.96000000e-01  4.69122784e-02 
 1.97000000e-01  4.69123291e-02 
 1.98000000e-01  4.69123812e-02 
 1.99000000e-01  4.69124345e-02 
 2.00000000e-01  4.69124893e-02 
 2.01000000e-01  4.69125454e-02 
 2.02000000e-01  4.69126029e-02 
 2.03000000e-01  4.69126619e-02 
 2.04000000e-01  4.69127224e-02 
 2.05000000e-01  4.69127845e-02 
 2.06000000e-01  4.69128481e-02 
 2.07000000e-01  4.69129133e-02 
 2.08000000e-01  4.69129802e-02 
 2.09000000e-01  4.69130488e-02 
 2.10000000e-01  4.69131191e-02 
 2.11000000e-01  4.69131912e-02 
 2.12000000e-01  4.69132652e-02 
 2.13000000e-01  4.69133410e-02 
 2.14000000e-01  4.69134187e-02 
 2.15000000e-01  4.69134984e-02 
 2.16000000e-01  4.69135801e-02 
 2.17000000e-01  4.69136639e-02 
 2.18000000e-01  4.69137499e-02 
 2.19000000e-01  4.69138380e-02 
 2.20000000e-01  4.69139283e-02 
 2.21000000e-01  4.69140209e-02 
 2.22000000e-01  4.69141159e-02 
 2.23000000e-01  4.69142133e-02 
 2.24000000e-01  4.69143131e-02 
 2.25000000e-01  4.69144155e-02 
 2.26000000e-01  4.69145205e-02 
 2.27000000e-01  4.69146281e-02 
 2.28000000e-01  4.69147385e-02 
 2.29000000e-01  4.69148516e-02 
 2.30000000e-01  4.69149676e-02 
 2.31000000e-01  4.69150866e-02 
 2.32000000e-01  4.69152086e-02 
 2.33000000e-01  4.69153336e-02 
 2.34000000e-01  4.69154618e-02 
 2.35000000e-01  4.69155933e-02 
 2.36000000e-01  4.69157281e-02 
 2.37000000e-01  4.69158663e-02 
 2.38000000e-01  4.69160080e-02 
 2.39000000e-01  4.69161532e-02 
 2.40000000e-01  4.69163022e-02 
 2.41000000e-01  4.69164549e-02 
 2.42000000e-01  4.69166115e-02 
 2.43000000e-01  4.69167720e-02 
 2.44000000e-01  4.69169366e-02 
 2.45000000e-01  4.69171054e-02 
 2.46000000e-01  4.69172784e-02 
 2.47000000e-01  4.69174558e-02 
 2.48000000e-01  4.69176377e-02 
 2.49000000e-01  4.69178241e-02 
 2.50000000e-01  4.69180153e-02 
 2.51000000e-01  4.69182113e-02 
 2.52000000e-01  4.69184123e-02 
 2.53000000e-01  4.69186183e-02 
 2.54000000e-01  4.69188295e-02 
 2.55000000e-01  4.69190461e-02 
 2.56000000e-01  4.69192681e-02 
 2.57000000e-01  4.69194957e-02 
 2.58000000e-01  4.69197290e-02 
 2.59000000e-01  4.69199683e-02 
 2.60000000e-01  4.69202135e-02 
 2.61000000e-01  4.69204650e-02 
 2.62000000e-01  4.69207228e-02 
 2.63000000e-01  4.69209871e-02 
 2.64000000e-01  4.69212580e-02 
 2.65000000e-01  4.69215358e-02 
 2.66000000e-01  4.69218206e-02 
 2.67000000e-01  4.69221125e-02 
 2.68000000e-01  4.69224118e-02 
 2.69000000e-01  4.69227186e-02 
 2.70000000e-01  4.69230331e-02 
 2.71000000e-01  4.69233556e-02 
 2.72000000e-01  4.69236862e-02 
 2.73000000e-01  4.69240250e-02 
 2.74000000e-01  4.69243724e-02 
 2.75000000e-01  4.69247286e-02 
 2.76000000e-01  4.69250937e-02 
 2.77000000e-01  4.69254679e-02 
 2.78000000e-01  4.69258516e-02 
 2.79000000e-01  4.69262449e-02 
 2.80000000e-01  4.69266481e-02 
 2.81000000e-01  4.69270614e-02 
 2.82000000e-01  4.69274850e-02 
 2.83000000e-01  4.69279193e-02 
 2.84000000e-01  4.69283645e-02 
 2.85000000e-01  4.69288209e-02 
 2.86000000e-01  4.69292887e-02 
 2.87000000e-01  4.69297683e-02 
 2.88000000e-01  4.69302598e-02 
 2.89000000e-01  4.69307637e-02 
 2.90000000e-01  4.69312802e-02 
 2.91000000e-01  4.69318096e-02 
 2.92000000e-01  4.69323523e-02 
 2.93000000e-01  4.69329086e-02 
 2.94000000e-01  4.69334788e-02 
 2.95000000e-01  4.69340633e-02 
 2.96000000e-01  4.69346624e-02 
 2.97000000e-01  4.69352765e-02 
 2.98000000e-01  4.69359059e-02 
 2.99000000e-01  4.69365511e-02 
 3.00000000e-01  4.69372123e-02 
 3.01000000e-01  4.69378901e-02 
 3.02000000e-01  4.69385848e-02 
 3.03000000e-01  4.69392969e-02 
 3.04000000e-01  4.69400267e-02 
 3.05000000e-01  4.69407748e-02 
 3.06000000e-01  4.69415415e-02 
 3.07000000e-01  4.69423273e-02 
 3.08000000e-01  4.69431327e-02 
 3.09000000e-01  4.69439582e-02 
 3.10000000e-01  4.69448042e-02 
 3.11000000e-01  4.69456713e-02 
 3.12000000e-01  4.69465600e-02 
 3.13000000e-01  4.69474708e-02 
 3.14000000e-01  4.69484042e-02 
 3.15000000e-01  4.69493609e-02 
 3.16000000e-01  4.69503413e-02 
 3.17000000e-01  4.69513461e-02 
 3.18000000e-01  4.69523759e-02 
 3.19000000e-01  4.69534312e-02 
 3.20000000e-01  4.69545128e-02 
 3.21000000e-01  4.69556211e-02 
 3.22000000e-01  4.69567570e-02 
 3.23000000e-01  4.69579210e-02 
 3.24000000e-01  4.69591139e-02 
 3.25000000e-01  4.69603364e-02 
 3.26000000e-01  4.69615891e-02 
 3.27000000e-01  4.69628728e-02 
 3.28000000e-01  4.69641883e-02 
 3.29000000e-01  4.69655363e-02 
 3.30000000e-01  4.69669177e-02 
 3.31000000e-01  4.69683332e-02 
 3.32000000e-01  4.69697837e-02 
 3.33000000e-01  4.69712700e-02 
 3.34000000e-01  4.69727929e-02 
 3.35000000e-01  4.69743535e-02 
 3.36000000e-01  4.69759525e-02 
 3.37000000e-01  4.69775910e-02 
 3.38000000e-01  4.69792698e-02 
 3.39000000e-01  4.69809900e-02 
 3.40000000e-01  4.69827525e-02 
 3.41000000e-01  4.69845584e-02 
 3.42000000e-01  4.69864087e-02 
 3.43000000e-01  4.69883045e-02 
 3.44000000e-01  4.69902468e-02 
 3.45000000e-01  4.69922368e-02 
 3.46000000e-01  4.69942757e-02 
 3.47000000e-01  4.69963646e-02 
 3.48000000e-01  4.69985048e-02 
 3.49000000e-01  4.70006973e-02 
 3.50000000e-01  4.70029436e-02 
 3.51000000e-01  4.70052448e-02 
 3.52000000e-01  4.70076024e-02 
 3.53000000e-01  4.70100176e-02 
 3.54000000e-01  4.70124918e-02 
 3.55000000e-01  4.70150264e-02 
 3.56000000e-01  4.70176230e-02 
 3.57000000e-01  4.70202828e-02 
 3.58000000e-01  4.70230075e-02 
 3.59000000e-01  4.70257987e-02 
 3.60000000e-01  4.70286577e-02 
 3.61000000e-01  4.70315864e-02 
 3.62000000e-01  4.70345863e-02 
 3.63000000e-01  4.70376591e-02 
 3.64000000e-01  4.70408066e-02 
 3.65000000e-01  4.70440305e-02 
 3.66000000e-01  4.70473325e-02 
 3.67000000e-01  4.70507147e-02 
 3.68000000e-01  4.70541788e-02 
 3.69000000e-01  4.70577267e-02 
 3.70000000e-01  4.70613605e-02 
 3.71000000e-01  4.70650822e-02 
 3.72000000e-01  4.70688938e-02 
 3.73000000e-01  4.70727974e-02 
 3.74000000e-01  4.70767952e-02 
 3.75000000e-01  4.70808894e-02 
 3.76000000e-01  4.70850822e-02 
 3.77000000e-01  4.70893760e-02 
 3.78000000e-01  4.70937730e-02 
 3.79000000e-01  4.70982758e-02 
 3.80000000e-01  4.71028867e-02 
 3.81000000e-01  4.71076082e-02 
 3.82000000e-01  4.71124430e-02 
 3.83000000e-01  4.71173936e-02 
 3.84000000e-01  4.71224628e-02 
 3.85000000e-01  4.71276532e-02 
 3.86000000e-01  4.71329677e-02 
 3.87000000e-01  4.71384091e-02 
 3.88000000e-01  4.71439804e-02 
 3.89000000e-01  4.71496845e-02 
 3.90000000e-01  4.71555245e-02 
 3.91000000e-01  4.71615034e-02 
 3.92000000e-01  4.71676245e-02 
 3.93000000e-01  4.71738910e-02 
 3.94000000e-01  4.71803063e-02 
 3.95000000e-01  4.71868737e-02 
 3.96000000e-01  4.71935967e-02 
 3.97000000e-01  4.72004787e-02 
 3.98000000e-01  4.72075235e-02 
 3.99000000e-01  4.72147347e-02 
 4.00000000e-01  4.72221161e-02 
 4.01000000e-01  4.72296715e-02 
 4.02000000e-01  4.72374048e-02 
 4.03000000e-01  4.72453201e-02 
 4.04000000e-01  4.72534213e-02 
 4.05000000e-01  4.72617128e-02 
 4.06000000e-01  4.72701987e-02 
 4.07000000e-01  4.72788834e-02 
 4.08000000e-01  4.72877714e-02 
 4.09000000e-01  4.72968671e-02 
 4.10000000e-01  4.73061751e-02 
 4.11000000e-01  4.73157003e-02 
 4.12000000e-01  4.73254473e-02 
 4.13000000e-01  4.73354211e-02 
 4.14000000e-01  4.73456268e-02 
 4.15000000e-01  4.73560693e-02 
 4.16000000e-01  4.73667539e-02 
 4.17000000e-01  4.73776860e-02 
 4.18000000e-01  4.73888709e-02 
 4.19000000e-01  4.74003142e-02 
 4.20000000e-01  4.74120214e-02 
 4.21000000e-01  4.74239984e-02 
 4.22000000e-01  4.74362510e-02 
 4.23000000e-01  4.74487852e-02 
 4.24000000e-01  4.74616070e-02 
 4.25000000e-01  4.74747227e-02 
 4.26000000e-01  4.74881385e-02 
 4.27000000e-01  4.75018610e-02 
 4.28000000e-01  4.75158966e-02 
 4.29000000e-01  4.75302522e-02 
 4.30000000e-01  4.75449345e-02 
 4.31000000e-01  4.75599504e-02 
 4.32000000e-01  4.75753071e-02 
 4.33000000e-01  4.75910118e-02 
 4.34000000e-01  4.76070718e-02 
 4.35000000e-01  4.76234945e-02 
 4.36000000e-01  4.76402877e-02 
 4.37000000e-01  4.76574591e-02 
 4.38000000e-01  4.76750165e-02 
 4.39000000e-01  4.76929681e-02 
 4.40000000e-01  4.77113221e-02 
 4.41000000e-01  4.77300867e-02 
 4.42000000e-01  4.77492705e-02 
 4.43000000e-01  4.77688821e-02 
 4.44000000e-01  4.77889303e-02 
 4.45000000e-01  4.78094241e-02 
 4.46000000e-01  4.78303726e-02 
 4.47000000e-01  4.78517850e-02 
 4.48000000e-01  4.78736708e-02 
 4.49000000e-01  4.78960396e-02 
 4.50000000e-01  4.79189011e-02 
 4.51000000e-01  4.79422652e-02 
 4.52000000e-01  4.79661421e-02 
 4.53000000e-01  4.79905419e-02 
 4.54000000e-01  4.80154753e-02 
 4.55000000e-01  4.80409526e-02 
 4.56000000e-01  4.80669847e-02 
 4.57000000e-01  4.80935827e-02 
 4.58000000e-01  4.81207575e-02 
 4.59000000e-01  4.81485205e-02 
 4.60000000e-01  4.81768833e-02 
 4.61000000e-01  4.82058574e-02 
 4.62000000e-01  4.82354548e-02 
 4.63000000e-01  4.82656874e-02 
 4.64000000e-01  4.82965676e-02 
 4.65000000e-01  4.83281077e-02 
 4.66000000e-01  4.83603204e-02 
 4.67000000e-01  4.83932185e-02 
 4.68000000e-01  4.84268149e-02 
 4.69000000e-01  4.84611228e-02 
 4.70000000e-01  4.84961557e-02 
 4.71000000e-01  4.85319271e-02 
 4.72000000e-01  4.85684507e-02 
 4.73000000e-01  4.86057406e-02 
 4.74000000e-01  4.86438109e-02 
 4.75000000e-01  4.86826760e-02 
 4.76000000e-01  4.87223504e-02 
 4.77000000e-01  4.87628489e-02 
 4.78000000e-01  4.88041865e-02 
 4.79000000e-01  4.88463784e-02 
 4.80000000e-01  4.88894399e-02 
 4.81000000e-01  4.89333867e-02 
 4.82000000e-01  4.89782343e-02 
 4.83000000e-01  4.90239990e-02 
 4.84000000e-01  4.90706968e-02 
 4.85000000e-01  4.91183441e-02 
 4.86000000e-01  4.91669575e-02 
 4.87000000e-01  4.92165538e-02 
 4.88000000e-01  4.92671500e-02 
 4.89000000e-01  4.93187632e-02 
 4.90000000e-01  4.93714109e-02 
 4.91000000e-01  4.94251106e-02 
 4.92000000e-01  4.94798802e-02 
 4.93000000e-01  4.95357376e-02 
 4.94000000e-01  4.95927010e-02 
 4.95000000e-01  4.96507888e-02 
 4.96000000e-01  4.97100195e-02 
 4.97000000e-01  4.97704119e-02 
 4.98000000e-01  4.98319849e-02 
 4.99000000e-01  4.98947578e-02 
 5.00000000e-01  4.99587498e-02 
 5.01000000e-01  5.00239804e-02 
 5.02000000e-01  5.00904693e-02 
 5.03000000e-01  5.01582365e-02 
 5.04000000e-01  5.02273019e-02 
 5.05000000e-01  5.02976858e-02 
 5.06000000e-01  5.03694085e-02 
 5.07000000e-01  5.04424907e-02 
 5.08000000e-01  5.05169531e-02 
 5.09000000e-01  5.05928166e-02 
 5.10000000e-01  5.06701021e-02 
 5.11000000e-01  5.07488310e-02 
 5.12000000e-01  5.08290246e-02 
 5.13000000e-01  5.09107044e-02 
 5.14000000e-01  5.09938919e-02 
 5.15000000e-01  5.10786091e-02 
 5.16000000e-01  5.11648778e-02 
 5.17000000e-01  5.12527200e-02 
 5.18000000e-01  5.13421579e-02 
 5.19000000e-01  5.14332138e-02 
 5.20000000e-01  5.15259101e-02 
 5.21000000e-01  5.16202693e-02 
 5.22000000e-01  5.17163140e-02 
 5.23000000e-01  5.18140668e-02 
 5.24000000e-01  5.19135505e-02 
 5.25000000e-01  5.20147881e-02 
 5.26000000e-01  5.21178023e-02 
 5.27000000e-01  5.22226163e-02 
 5.28000000e-01  5.23292531e-02 
 5.29000000e-01  5.24377358e-02 
 5.30000000e-01  5.25480875e-02 
 5.31000000e-01  5.26603314e-02 
 5.32000000e-01  5.27744909e-02 
 5.33000000e-01  5.28905890e-02 
 5.34000000e-01  5.30086491e-02 
 5.35000000e-01  5.31286945e-02 
 5.36000000e-01  5.32507483e-02 
 5.37000000e-01  5.33748339e-02 
 5.38000000e-01  5.35009745e-02 
 5.39000000e-01  5.36291932e-02 
 5.40000000e-01  5.37595132e-02 
 5.41000000e-01  5.38919576e-02 
 5.42000000e-01  5.40265495e-02 
 5.43000000e-01  5.41633118e-02 
 5.44000000e-01  5.43022674e-02 
 5.45000000e-01  5.44434391e-02 
 5.46000000e-01  5.45868496e-02 
 5.47000000e-01  5.47325216e-02 
 5.48000000e-01  5.48804773e-02 
 5.49000000e-01  5.50307393e-02 
 5.50000000e-01  5.51833296e-02 
 5.51000000e-01  5.53382704e-02 
 5.52000000e-01  5.54955834e-02 
 5.53000000e-01  5.56552903e-02 
 5.54000000e-01  5.58174127e-02 
 5.55000000e-01  5.59819718e-02 
 5.56000000e-01  5.61489888e-02 
 5.57000000e-01  5.63184844e-02 
 5.58000000e-01  5.64904792e-02 
 5.59000000e-01  5.66649938e-02 
 5.60000000e-01  5.68420481e-02 
 5.61000000e-01  5.70216619e-02 
 5.62000000e-01  5.72038549e-02 
 5.63000000e-01  5.73886463e-02 
 5.64000000e-01  5.75760550e-02 
 5.65000000e-01  5.77660996e-02 
 5.66000000e-01  5.79587984e-02 
 5.67000000e-01  5.81541694e-02 
 5.68000000e-01  5.83522301e-02 
 5.69000000e-01  5.85529977e-02 
 5.70000000e-01  5.87564890e-02 
 5.71000000e-01  5.89627205e-02 
 5.72000000e-01  5.91717082e-02 
 5.73000000e-01  5.93834677e-02 
 5.74000000e-01  5.95980141e-02 
 5.75000000e-01  5.98153621e-02 
 5.76000000e-01  6.00355261e-02 
 5.77000000e-01  6.02585198e-02 
 5.78000000e-01  6.04843565e-02 
 5.79000000e-01  6.07130490e-02 
 5.80000000e-01  6.09446098e-02 
 5.81000000e-01  6.11790505e-02 
 5.82000000e-01  6.14163826e-02 
 5.83000000e-01  6.16566166e-02 
 5.84000000e-01  6.18997629e-02 
 5.85000000e-01  6.21458312e-02 
 5.86000000e-01  6.23948304e-02 
 5.87000000e-01  6.26467691e-02 
 5.88000000e-01  6.29016552e-02 
 5.89000000e-01  6.31594961e-02 
 5.90000000e-01  6.34202985e-02 
 5.91000000e-01  6.36840686e-02 
 5.92000000e-01  6.39508117e-02 
 5.93000000e-01  6.42205328e-02 
 5.94000000e-01  6.44932361e-02 
 5.95000000e-01  6.47689251e-02 
 5.96000000e-01  6.50476029e-02 
 5.97000000e-01  6.53292717e-02 
 5.98000000e-01  6.56139330e-02 
 5.99000000e-01  6.59015879e-02 
 6.00000000e-01  6.61922365e-02 
 6.01000000e-01  6.64858785e-02 
 6.02000000e-01  6.67825127e-02 
 6.03000000e-01  6.70821373e-02 
 6.04000000e-01  6.73847498e-02 
 6.05000000e-01  6.76903469e-02 
 6.06000000e-01  6.79989247e-02 
 6.07000000e-01  6.83104787e-02 
 6.08000000e-01  6.86250034e-02 
 6.09000000e-01  6.89424928e-02 
 6.10000000e-01  6.92629401e-02 
 6.11000000e-01  6.95863378e-02 
 6.12000000e-01  6.99126777e-02 
 6.13000000e-01  7.02419508e-02 
 6.14000000e-01  7.05741476e-02 
 6.15000000e-01  7.09092575e-02 
 6.16000000e-01  7.12472695e-02 
 6.17000000e-01  7.15881719e-02 
 6.18000000e-01  7.19319519e-02 
 6.19000000e-01  7.22785965e-02 
 6.20000000e-01  7.26280916e-02 
 6.21000000e-01  7.29804226e-02 
 6.22000000e-01  7.33355741e-02 
 6.23000000e-01  7.36935299e-02 
 6.24000000e-01  7.40542734e-02 
 6.25000000e-01  7.44177871e-02 
 6.26000000e-01  7.47840528e-02 
 6.27000000e-01  7.51530516e-02 
 6.28000000e-01  7.55247641e-02 
 6.29000000e-01  7.58991701e-02 
 6.30000000e-01  7.62762486e-02 
 6.31000000e-01  7.66559783e-02 
 6.32000000e-01  7.70383370e-02 
 6.33000000e-01  7.74233018e-02 
 6.34000000e-01  7.78108494e-02 
 6.35000000e-01  7.82009557e-02 
 6.36000000e-01  7.85935961e-02 
 6.37000000e-01  7.89887454e-02 
 6.38000000e-01  7.93863775e-02 
 6.39000000e-01  7.97864663e-02 
 6.40000000e-01  8.01889846e-02 
 6.41000000e-01  8.05939048e-02 
 6.42000000e-01  8.10011990e-02 
 6.43000000e-01  8.14108384e-02 
 6.44000000e-01  8.18227939e-02 
 6.45000000e-01  8.22370358e-02 
 6.46000000e-01  8.26535339e-02 
 6.47000000e-01  8.30722576e-02 
 6.48000000e-01  8.34931757e-02 
 6.49000000e-01  8.39162567e-02 
 6.50000000e-01  8.43414685e-02 
 6.51000000e-01  8.47687786e-02 
 6.52000000e-01  8.51981541e-02 
 6.53000000e-01  8.56295618e-02 
 6.54000000e-01  8.60629680e-02 
 6.55000000e-01  8.64983386e-02 
 6.56000000e-01  8.69356392e-02 
 6.57000000e-01  8.73748350e-02 
 6.58000000e-01  8.78158911e-02 
 6.59000000e-01  8.82587719e-02 
 6.60000000e-01  8.87034418e-02 
 6.61000000e-01  8.91498648e-02 
 6.62000000e-01  8.95980047e-02 
 6.63000000e-01  9.00478249e-02 
 6.64000000e-01  9.04992888e-02 
 6.65000000e-01  9.09523593e-02 
 6.66000000e-01  9.14069994e-02 
 6.67000000e-01  9.18631717e-02 
 6.68000000e-01  9.23208387e-02 
 6.69000000e-01  9.27799626e-02 
 6.70000000e-01  9.32405057e-02 
 6.71000000e-01  9.37024301e-02 
 6.72000000e-01  9.41656976e-02 
 6.73000000e-01  9.46302702e-02 
 6.74000000e-01  9.50961095e-02 
 6.75000000e-01  9.55631774e-02 
 6.76000000e-01  9.60314354e-02 
 6.77000000e-01  9.65008452e-02 
 6.78000000e-01  9.69713685e-02 
 6.79000000e-01  9.74429666e-02 
 6.80000000e-01  9.79156014e-02 
 6.81000000e-01  9.83892345e-02 
 6.82000000e-01  9.88638274e-02 
 6.83000000e-01  9.93393419e-02 
 6.84000000e-01  9.98157399e-02 
 6.85000000e-01  1.00292983e-01 
 6.86000000e-01  1.00771034e-01 
 6.87000000e-01  1.01249853e-01 
 6.88000000e-01  1.01729405e-01 
 6.89000000e-01  1.02209650e-01 
 6.90000000e-01  1.02690551e-01 
 6.91000000e-01  1.03172072e-01 
 6.92000000e-01  1.03654174e-01 
 6.93000000e-01  1.04136821e-01 
 6.94000000e-01  1.04619976e-01 
 6.95000000e-01  1.05103602e-01 
 6.96000000e-01  1.05587663e-01 
 6.97000000e-01  1.06072122e-01 
 6.98000000e-01  1.06556945e-01 
 6.99000000e-01  1.07042094e-01 
 7.00000000e-01  1.07527536e-01 
 7.01000000e-01  1.08013233e-01 
 7.02000000e-01  1.08499152e-01 
 7.03000000e-01  1.08985259e-01 
 7.04000000e-01  1.09471518e-01 
 7.05000000e-01  1.09957895e-01 
 7.06000000e-01  1.10444358e-01 
 7.07000000e-01  1.10930872e-01 
 7.08000000e-01  1.11417405e-01 
 7.09000000e-01  1.11903924e-01 
 7.10000000e-01  1.12390396e-01 
 7.11000000e-01  1.12876790e-01 
 7.12000000e-01  1.13363073e-01 
 7.13000000e-01  1.13849215e-01 
 7.14000000e-01  1.14335185e-01 
 7.15000000e-01  1.14820951e-01 
 7.16000000e-01  1.15306485e-01 
 7.17000000e-01  1.15791755e-01 
 7.18000000e-01  1.16276733e-01 
 7.19000000e-01  1.16761390e-01 
 7.20000000e-01  1.17245696e-01 
 7.21000000e-01  1.17729624e-01 
 7.22000000e-01  1.18213146e-01 
 7.23000000e-01  1.18696234e-01 
 7.24000000e-01  1.19178862e-01 
 7.25000000e-01  1.19661003e-01 
 7.26000000e-01  1.20142630e-01 
 7.27000000e-01  1.20623718e-01 
 7.28000000e-01  1.21104241e-01 
 7.29000000e-01  1.21584175e-01 
 7.30000000e-01  1.22063495e-01 
 7.31000000e-01  1.22542176e-01 
 7.32000000e-01  1.23020196e-01 
 7.33000000e-01  1.23497531e-01 
 7.34000000e-01  1.23974158e-01 
 7.35000000e-01  1.24450055e-01 
 7.36000000e-01  1.24925199e-01 
 7.37000000e-01  1.25399570e-01 
 7.38000000e-01  1.25873146e-01 
 7.39000000e-01  1.26345906e-01 
 7.40000000e-01  1.26817830e-01 
 7.41000000e-01  1.27288898e-01 
 7.42000000e-01  1.27759091e-01 
 7.43000000e-01  1.28228390e-01 
 7.44000000e-01  1.28696776e-01 
 7.45000000e-01  1.29164231e-01 
 7.46000000e-01  1.29630737e-01 
 7.47000000e-01  1.30096277e-01 
 7.48000000e-01  1.30560833e-01 
 7.49000000e-01  1.31024390e-01 
 7.50000000e-01  1.31486932e-01 
 7.51000000e-01  1.31948442e-01 
 7.52000000e-01  1.32408904e-01 
 7.53000000e-01  1.32868305e-01 
 7.54000000e-01  1.33326630e-01 
 7.55000000e-01  1.33783864e-01 
 7.56000000e-01  1.34239994e-01 
 7.57000000e-01  1.34695007e-01 
 7.58000000e-01  1.35148888e-01 
 7.59000000e-01  1.35601627e-01 
 7.60000000e-01  1.36053210e-01 
 7.61000000e-01  1.36503625e-01 
 7.62000000e-01  1.36952862e-01 
 7.63000000e-01  1.37400909e-01 
 7.64000000e-01  1.37847755e-01 
 7.65000000e-01  1.38293390e-01 
 7.66000000e-01  1.38737804e-01 
 7.67000000e-01  1.39180986e-01 
 7.68000000e-01  1.39622928e-01 
 7.69000000e-01  1.40063621e-01 
 7.70000000e-01  1.40503056e-01 
 7.71000000e-01  1.40941224e-01 
 7.72000000e-01  1.41378118e-01 
 7.73000000e-01  1.41813729e-01 
 7.74000000e-01  1.42248051e-01 
 7.75000000e-01  1.42681076e-01 
 7.76000000e-01  1.43112798e-01 
 7.77000000e-01  1.43543209e-01 
 7.78000000e-01  1.43972305e-01 
 7.79000000e-01  1.44400078e-01 
 7.80000000e-01  1.44826523e-01 
 7.81000000e-01  1.45251636e-01 
 7.82000000e-01  1.45675410e-01 
 7.83000000e-01  1.46097842e-01 
 7.84000000e-01  1.46518927e-01 
 7.85000000e-01  1.46938660e-01 
 7.86000000e-01  1.47357038e-01 
 7.87000000e-01  1.47774056e-01 
 7.88000000e-01  1.48189712e-01 
 7.89000000e-01  1.48604003e-01 
 7.90000000e-01  1.49016925e-01 
 7.91000000e-01  1.49428475e-01 
 7.92000000e-01  1.49838652e-01 
 7.93000000e-01  1.50247453e-01 
 7.94000000e-01  1.50654876e-01 
 7.95000000e-01  1.51060919e-01 
 7.96000000e-01  1.51465581e-01 
 7.97000000e-01  1.51868861e-01 
 7.98000000e-01  1.52270756e-01 
 7.99000000e-01  1.52671267e-01 
 8.00000000e-01  1.53070393e-01 
 8.01000000e-01  1.53468133e-01 
 8.02000000e-01  1.53864486e-01 
 8.03000000e-01  1.54259454e-01 
 8.04000000e-01  1.54653035e-01 
 8.05000000e-01  1.55045230e-01 
 8.06000000e-01  1.55436039e-01 
 8.07000000e-01  1.55825464e-01 
 8.08000000e-01  1.56213504e-01 
 8.09000000e-01  1.56600161e-01 
 8.10000000e-01  1.56985435e-01 
 8.11000000e-01  1.57369329e-01 
 8.12000000e-01  1.57751843e-01 
 8.13000000e-01  1.58132979e-01 
 8.14000000e-01  1.58512739e-01 
 8.15000000e-01  1.58891124e-01 
 8.16000000e-01  1.59268137e-01 
 8.17000000e-01  1.59643780e-01 
 8.18000000e-01  1.60018054e-01 
 8.19000000e-01  1.60390963e-01 
 8.20000000e-01  1.60762508e-01 
 8.21000000e-01  1.61132693e-01 
 8.22000000e-01  1.61501520e-01 
 8.23000000e-01  1.61868992e-01 
 8.24000000e-01  1.62235112e-01 
 8.25000000e-01  1.62599883e-01 
 8.26000000e-01  1.62963309e-01 
 8.27000000e-01  1.63325392e-01 
 8.28000000e-01  1.63686136e-01 
 8.29000000e-01  1.64045545e-01 
 8.30000000e-01  1.64403622e-01 
 8.31000000e-01  1.64760371e-01 
 8.32000000e-01  1.65115795e-01 
 8.33000000e-01  1.65469899e-01 
 8.34000000e-01  1.65822686e-01 
 8.35000000e-01  1.66174161e-01 
 8.36000000e-01  1.66524327e-01 
 8.37000000e-01  1.66873189e-01 
 8.38000000e-01  1.67220751e-01 
 8.39000000e-01  1.67567017e-01 
 8.40000000e-01  1.67911992e-01 
 8.41000000e-01  1.68255681e-01 
 8.42000000e-01  1.68598087e-01 
 8.43000000e-01  1.68939215e-01 
 8.44000000e-01  1.69279071e-01 
 8.45000000e-01  1.69617658e-01 
 8.46000000e-01  1.69954982e-01 
 8.47000000e-01  1.70291046e-01 
 8.48000000e-01  1.70625858e-01 
 8.49000000e-01  1.70959420e-01 
 8.50000000e-01  1.71291738e-01 
 8.51000000e-01  1.71622817e-01 
 8.52000000e-01  1.71952662e-01 
 8.53000000e-01  1.72281278e-01 
 8.54000000e-01  1.72608671e-01 
 8.55000000e-01  1.72934845e-01 
 8.56000000e-01  1.73259806e-01 
 8.57000000e-01  1.73583558e-01 
 8.58000000e-01  1.73906108e-01 
 8.59000000e-01  1.74227460e-01 
 8.60000000e-01  1.74547620e-01 
 8.61000000e-01  1.74866593e-01 
 8.62000000e-01  1.75184385e-01 
 8.63000000e-01  1.75501000e-01 
 8.64000000e-01  1.75816445e-01 
 8.65000000e-01  1.76130724e-01 
 8.66000000e-01  1.76443844e-01 
 8.67000000e-01  1.76755809e-01 
 8.68000000e-01  1.77066625e-01 
 8.69000000e-01  1.77376298e-01 
 8.70000000e-01  1.77684834e-01 
 8.71000000e-01  1.77992237e-01 
 8.72000000e-01  1.78298513e-01 
 8.73000000e-01  1.78603668e-01 
 8.74000000e-01  1.78907707e-01 
 8.75000000e-01  1.79210637e-01 
 8.76000000e-01  1.79512462e-01 
 8.77000000e-01  1.79813188e-01 
 8.78000000e-01  1.80112821e-01 
 8.79000000e-01  1.80411367e-01 
 8.80000000e-01  1.80708830e-01 
 8.81000000e-01  1.81005217e-01 
 8.82000000e-01  1.81300533e-01 
 8.83000000e-01  1.81594783e-01 
 8.84000000e-01  1.81887974e-01 
 8.85000000e-01  1.82180111e-01 
 8.86000000e-01  1.82471200e-01 
 8.87000000e-01  1.82761246e-01 
 8.88000000e-01  1.83050254e-01 
 8.89000000e-01  1.83338231e-01 
 8.90000000e-01  1.83625182e-01 
 8.91000000e-01  1.83911112e-01 
 8.92000000e-01  1.84196027e-01 
 8.93000000e-01  1.84479933e-01 
 8.94000000e-01  1.84762835e-01 
 8.95000000e-01  1.85044738e-01 
 8.96000000e-01  1.85325649e-01 
 8.97000000e-01  1.85605572e-01 
 8.98000000e-01  1.85884514e-01 
 8.99000000e-01  1.86162480e-01 
 9.00000000e-01  1.86439474e-01 
 9.01000000e-01  1.86715504e-01 
 9.02000000e-01  1.86990573e-01 
 9.03000000e-01  1.87264689e-01 
 9.04000000e-01  1.87537855e-01 
 9.05000000e-01  1.87810077e-01 
 9.06000000e-01  1.88081362e-01 
 9.07000000e-01  1.88351714e-01 
 9.08000000e-01  1.88621138e-01 
 9.09000000e-01  1.88889640e-01 
 9.10000000e-01  1.89157226e-01 
 9.11000000e-01  1.89423900e-01 
 9.12000000e-01  1.89689668e-01 
 9.13000000e-01  1.89954535e-01 
 9.14000000e-01  1.90218507e-01 
 9.15000000e-01  1.90481588e-01 
 9.16000000e-01  1.90743785e-01 
 9.17000000e-01  1.91005101e-01 
 9.18000000e-01  1.91265543e-01 
 9.19000000e-01  1.91525115e-01 
 9.20000000e-01  1.91783824e-01 
 9.21000000e-01  1.92041672e-01 
 9.22000000e-01  1.92298667e-01 
 9.23000000e-01  1.92554813e-01 
 9.24000000e-01  1.92810114e-01 
 9.25000000e-01  1.93064577e-01 
 9.26000000e-01  1.93318206e-01 
 9.27000000e-01  1.93571006e-01 
 9.28000000e-01  1.93822983e-01 
 9.29000000e-01  1.94074140e-01 
 9.30000000e-01  1.94324483e-01 
 9.31000000e-01  1.94574018e-01 
 9.32000000e-01  1.94822748e-01 
 9.33000000e-01  1.95070679e-01 
 9.34000000e-01  1.95317815e-01 
 9.35000000e-01  1.95564162e-01 
 9.36000000e-01  1.95809724e-01 
 9.37000000e-01  1.96054506e-01 
 9.38000000e-01  1.96298512e-01 
 9.39000000e-01  1.96541748e-01 
 9.40000000e-01  1.96784219e-01 
 9.41000000e-01  1.97025928e-01 
 9.42000000e-01  1.97266881e-01 
 9.43000000e-01  1.97507082e-01 
 9.44000000e-01  1.97746535e-01 
 9.45000000e-01  1.97985246e-01 
 9.46000000e-01  1.98223219e-01 
 9.47000000e-01  1.98460459e-01 
 9.48000000e-01  1.98696970e-01 
 9.49000000e-01  1.98932756e-01 
 9.50000000e-01  1.99167822e-01 
 9.51000000e-01  1.99402173e-01 
 9.52000000e-01  1.99635813e-01 
 9.53000000e-01  1.99868746e-01 
 9.54000000e-01  2.00100976e-01 
 9.55000000e-01  2.00332509e-01 
 9.56000000e-01  2.00563349e-01 
 9.57000000e-01  2.00793499e-01 
 9.58000000e-01  2.01022964e-01 
 9.59000000e-01  2.01251748e-01 
 9.60000000e-01  2.01479856e-01 
 9.61000000e-01  2.01707291e-01 
 9.62000000e-01  2.01934059e-01 
 9.63000000e-01  2.02160163e-01 
 9.64000000e-01  2.02385607e-01 
 9.65000000e-01  2.02610395e-01 
 9.66000000e-01  2.02834532e-01 
 9.67000000e-01  2.03058022e-01 
 9.68000000e-01  2.03280868e-01 
 9.69000000e-01  2.03503075e-01 
 9.70000000e-01  2.03724646e-01 
 9.71000000e-01  2.03945587e-01 
 9.72000000e-01  2.04165899e-01 
 9.73000000e-01  2.04385589e-01 
 9.74000000e-01  2.04604659e-01 
 9.75000000e-01  2.04823114e-01 
 9.76000000e-01  2.05040956e-01 
 9.77000000e-01  2.05258191e-01 
 9.78000000e-01  2.05474822e-01 
 9.79000000e-01  2.05690853e-01 
 9.80000000e-01  2.05906287e-01 
 9.81000000e-01  2.06121129e-01 
 9.82000000e-01  2.06335381e-01 
 9.83000000e-01  2.06549049e-01 
 9.84000000e-01  2.06762135e-01 
 9.85000000e-01  2.06974643e-01 
 9.86000000e-01  2.07186577e-01 
 9.87000000e-01  2.07397940e-01 
 9.88000000e-01  2.07608737e-01 
 9.89000000e-01  2.07818970e-01 
 9.90000000e-01  2.08028643e-01 
 9.91000000e-01  2.08237760e-01 
 9.92000000e-01  2.08446324e-01 
 9.93000000e-01  2.08654339e-01 
 9.94000000e-01  2.08861809e-01 
 9.95000000e-01  2.09068736e-01 
 9.96000000e-01  2.09275124e-01 
 9.97000000e-01  2.09480977e-01 
 9.98000000e-01  2.09686297e-01 
 9.99000000e-01  2.09891090e-01 
 1.00000000e+00  2.10095356e-01 
