 0.00000000e+00  4.23611643e+02 
 1.00000000e-03  4.35150504e+02 
 2.00000000e-03  4.47002636e+02 
 3.00000000e-03  4.59176510e+02 
 4.00000000e-03  4.71680823e+02 
 5.00000000e-03  4.84524509e+02 
 6.00000000e-03  4.97716739e+02 
 7.00000000e-03  5.11266933e+02 
 8.00000000e-03  5.25184764e+02 
 9.00000000e-03  5.39480163e+02 
 1.00000000e-02  5.54163329e+02 
 1.10000000e-02  5.69244736e+02 
 1.20000000e-02  5.84735139e+02 
 1.30000000e-02  6.00645580e+02 
 1.40000000e-02  6.16987400e+02 
 1.50000000e-02  6.33772242e+02 
 1.60000000e-02  6.51012064e+02 
 1.70000000e-02  6.68719143e+02 
 1.80000000e-02  6.86906086e+02 
 1.90000000e-02  7.05585838e+02 
 2.00000000e-02  7.24771693e+02 
 2.10000000e-02  7.44477298e+02 
 2.20000000e-02  7.64716669e+02 
 2.30000000e-02  7.85504195e+02 
 2.40000000e-02  8.06854654e+02 
 2.50000000e-02  8.28783217e+02 
 2.60000000e-02  8.51305462e+02 
 2.70000000e-02  8.74437385e+02 
 2.80000000e-02  8.98195410e+02 
 2.90000000e-02  9.22596400e+02 
 3.00000000e-02  9.47657671e+02 
 3.10000000e-02  9.73396999e+02 
 3.20000000e-02  9.99832639e+02 
 3.30000000e-02  1.02698333e+03 
 3.40000000e-02  1.05486833e+03 
 3.50000000e-02  1.08350737e+03 
 3.60000000e-02  1.11292076e+03 
 3.70000000e-02  1.14312932e+03 
 3.80000000e-02  1.17415442e+03 
 3.90000000e-02  1.20601804e+03 
 4.00000000e-02  1.23874271e+03 
 4.10000000e-02  1.27235156e+03 
 4.20000000e-02  1.30686838e+03 
 4.30000000e-02  1.34231754e+03 
 4.40000000e-02  1.37872410e+03 
 4.50000000e-02  1.41611377e+03 
 4.60000000e-02  1.45451295e+03 
 4.70000000e-02  1.49394875e+03 
 4.80000000e-02  1.53444898e+03 
 4.90000000e-02  1.57604222e+03 
 5.00000000e-02  1.61875780e+03 
 5.10000000e-02  1.66262582e+03 
 5.20000000e-02  1.70767720e+03 
 5.30000000e-02  1.75394367e+03 
 5.40000000e-02  1.80145781e+03 
 5.50000000e-02  1.85025307e+03 
 5.60000000e-02  1.90036377e+03 
 5.70000000e-02  1.95182518e+03 
 5.80000000e-02  2.00467346e+03 
 5.90000000e-02  2.05894577e+03 
 6.00000000e-02  2.11468025e+03 
 6.10000000e-02  2.17191603e+03 
 6.20000000e-02  2.23069331e+03 
 6.30000000e-02  2.29105333e+03 
 6.40000000e-02  2.35303844e+03 
 6.50000000e-02  2.41669213e+03 
 6.60000000e-02  2.48205899e+03 
 6.70000000e-02  2.54918486e+03 
 6.80000000e-02  2.61811674e+03 
 6.90000000e-02  2.68890290e+03 
 7.00000000e-02  2.76159290e+03 
 7.10000000e-02  2.83623758e+03 
 7.20000000e-02  2.91288916e+03 
 7.30000000e-02  2.99160121e+03 
 7.40000000e-02  3.07242875e+03 
 7.50000000e-02  3.15542823e+03 
 7.60000000e-02  3.24065761e+03 
 7.70000000e-02  3.32817636e+03 
 7.80000000e-02  3.41804556e+03 
 7.90000000e-02  3.51032786e+03 
 8.00000000e-02  3.60508758e+03 
 8.10000000e-02  3.70239077e+03 
 8.20000000e-02  3.80230517e+03 
 8.30000000e-02  3.90490034e+03 
 8.40000000e-02  4.01024767e+03 
 8.50000000e-02  4.11842043e+03 
 8.60000000e-02  4.22949382e+03 
 8.70000000e-02  4.34354502e+03 
 8.80000000e-02  4.46065325e+03 
 8.90000000e-02  4.58089981e+03 
 9.00000000e-02  4.70436813e+03 
 9.10000000e-02  4.83114387e+03 
 9.20000000e-02  4.96131490e+03 
 9.30000000e-02  5.09497142e+03 
 9.40000000e-02  5.23220601e+03 
 9.50000000e-02  5.37311367e+03 
 9.60000000e-02  5.51779190e+03 
 9.70000000e-02  5.66634075e+03 
 9.80000000e-02  5.81886291e+03 
 9.90000000e-02  5.97546375e+03 
 1.00000000e-01  6.13625142e+03 
 1.01000000e-01  6.30133689e+03 
 1.02000000e-01  6.47083405e+03 
 1.03000000e-01  6.64485977e+03 
 1.04000000e-01  6.82353396e+03 
 1.05000000e-01  7.00697971e+03 
 1.06000000e-01  7.19532329e+03 
 1.07000000e-01  7.38869429e+03 
 1.08000000e-01  7.58722569e+03 
 1.09000000e-01  7.79105395e+03 
 1.10000000e-01  8.00031908e+03 
 1.11000000e-01  8.21516475e+03 
 1.12000000e-01  8.43573838e+03 
 1.13000000e-01  8.66219125e+03 
 1.14000000e-01  8.89467856e+03 
 1.15000000e-01  9.13335958e+03 
 1.16000000e-01  9.37839771e+03 
 1.17000000e-01  9.62996062e+03 
 1.18000000e-01  9.88822034e+03 
 1.19000000e-01  1.01533534e+04 
 1.20000000e-01  1.04255408e+04 
 1.21000000e-01  1.07049685e+04 
 1.22000000e-01  1.09918270e+04 
 1.23000000e-01  1.12863120e+04 
 1.24000000e-01  1.15886240e+04 
 1.25000000e-01  1.18989691e+04 
 1.26000000e-01  1.22175583e+04 
 1.27000000e-01  1.25446084e+04 
 1.28000000e-01  1.28803417e+04 
 1.29000000e-01  1.32249862e+04 
 1.30000000e-01  1.35787759e+04 
 1.31000000e-01  1.39419509e+04 
 1.32000000e-01  1.43147574e+04 
 1.33000000e-01  1.46974479e+04 
 1.34000000e-01  1.50902816e+04 
 1.35000000e-01  1.54935243e+04 
 1.36000000e-01  1.59074487e+04 
 1.37000000e-01  1.63323345e+04 
 1.38000000e-01  1.67684686e+04 
 1.39000000e-01  1.72161454e+04 
 1.40000000e-01  1.76756668e+04 
 1.41000000e-01  1.81473424e+04 
 1.42000000e-01  1.86314899e+04 
 1.43000000e-01  1.91284352e+04 
 1.44000000e-01  1.96385124e+04 
 1.45000000e-01  2.01620643e+04 
 1.46000000e-01  2.06994425e+04 
 1.47000000e-01  2.12510077e+04 
 1.48000000e-01  2.18171297e+04 
 1.49000000e-01  2.23981879e+04 
 1.50000000e-01  2.29945714e+04 
 1.51000000e-01  2.36066791e+04 
 1.52000000e-01  2.42349204e+04 
 1.53000000e-01  2.48797149e+04 
 1.54000000e-01  2.55414933e+04 
 1.55000000e-01  2.62206968e+04 
 1.56000000e-01  2.69177783e+04 
 1.57000000e-01  2.76332020e+04 
 1.58000000e-01  2.83674441e+04 
 1.59000000e-01  2.91209929e+04 
 1.60000000e-01  2.98943491e+04 
 1.61000000e-01  3.06880261e+04 
 1.62000000e-01  3.15025506e+04 
 1.63000000e-01  3.23384625e+04 
 1.64000000e-01  3.31963154e+04 
 1.65000000e-01  3.40766770e+04 
 1.66000000e-01  3.49801296e+04 
 1.67000000e-01  3.59072700e+04 
 1.68000000e-01  3.68587103e+04 
 1.69000000e-01  3.78350781e+04 
 1.70000000e-01  3.88370168e+04 
 1.71000000e-01  3.98651862e+04 
 1.72000000e-01  4.09202628e+04 
 1.73000000e-01  4.20029400e+04 
 1.74000000e-01  4.31139290e+04 
 1.75000000e-01  4.42539588e+04 
 1.76000000e-01  4.54237768e+04 
 1.77000000e-01  4.66241492e+04 
 1.78000000e-01  4.78558616e+04 
 1.79000000e-01  4.91197194e+04 
 1.80000000e-01  5.04165482e+04 
 1.81000000e-01  5.17471944e+04 
 1.82000000e-01  5.31125256e+04 
 1.83000000e-01  5.45134312e+04 
 1.84000000e-01  5.59508231e+04 
 1.85000000e-01  5.74256359e+04 
 1.86000000e-01  5.89388276e+04 
 1.87000000e-01  6.04913803e+04 
 1.88000000e-01  6.20843005e+04 
 1.89000000e-01  6.37186202e+04 
 1.90000000e-01  6.53953969e+04 
 1.91000000e-01  6.71157147e+04 
 1.92000000e-01  6.88806845e+04 
 1.93000000e-01  7.06914451e+04 
 1.94000000e-01  7.25491638e+04 
 1.95000000e-01  7.44550367e+04 
 1.96000000e-01  7.64102898e+04 
 1.97000000e-01  7.84161795e+04 
 1.98000000e-01  8.04739937e+04 
 1.99000000e-01  8.25850518e+04 
 2.00000000e-01  8.47507064e+04 
 2.01000000e-01  8.69723434e+04 
 2.02000000e-01  8.92513830e+04 
 2.03000000e-01  9.15892807e+04 
 2.04000000e-01  9.39875279e+04 
 2.05000000e-01  9.64476529e+04 
 2.06000000e-01  9.89712218e+04 
 2.07000000e-01  1.01559839e+05 
 2.08000000e-01  1.04215149e+05 
 2.09000000e-01  1.06938837e+05 
 2.10000000e-01  1.09732629e+05 
 2.11000000e-01  1.12598293e+05 
 2.12000000e-01  1.15537642e+05 
 2.13000000e-01  1.18552532e+05 
 2.14000000e-01  1.21644866e+05 
 2.15000000e-01  1.24816593e+05 
 2.16000000e-01  1.28069709e+05 
 2.17000000e-01  1.31406260e+05 
 2.18000000e-01  1.34828342e+05 
 2.19000000e-01  1.38338101e+05 
 2.20000000e-01  1.41937737e+05 
 2.21000000e-01  1.45629502e+05 
 2.22000000e-01  1.49415704e+05 
 2.23000000e-01  1.53298708e+05 
 2.24000000e-01  1.57280935e+05 
 2.25000000e-01  1.61364866e+05 
 2.26000000e-01  1.65553041e+05 
 2.27000000e-01  1.69848063e+05 
 2.28000000e-01  1.74252597e+05 
 2.29000000e-01  1.78769373e+05 
 2.30000000e-01  1.83401188e+05 
 2.31000000e-01  1.88150906e+05 
 2.32000000e-01  1.93021460e+05 
 2.33000000e-01  1.98015854e+05 
 2.34000000e-01  2.03137164e+05 
 2.35000000e-01  2.08388541e+05 
 2.36000000e-01  2.13773212e+05 
 2.37000000e-01  2.19294480e+05 
 2.38000000e-01  2.24955729e+05 
 2.39000000e-01  2.30760425e+05 
 2.40000000e-01  2.36712114e+05 
 2.41000000e-01  2.42814431e+05 
 2.42000000e-01  2.49071095e+05 
 2.43000000e-01  2.55485916e+05 
 2.44000000e-01  2.62062793e+05 
 2.45000000e-01  2.68805720e+05 
 2.46000000e-01  2.75718785e+05 
 2.47000000e-01  2.82806176e+05 
 2.48000000e-01  2.90072177e+05 
 2.49000000e-01  2.97521176e+05 
 2.50000000e-01  3.05157666e+05 
 2.51000000e-01  3.12986246e+05 
 2.52000000e-01  3.21011623e+05 
 2.53000000e-01  3.29238616e+05 
 2.54000000e-01  3.37672161e+05 
 2.55000000e-01  3.46317306e+05 
 2.56000000e-01  3.55179222e+05 
 2.57000000e-01  3.64263200e+05 
 2.58000000e-01  3.73574658e+05 
 2.59000000e-01  3.83119139e+05 
 2.60000000e-01  3.92902318e+05 
 2.61000000e-01  4.02930004e+05 
 2.62000000e-01  4.13208141e+05 
 2.63000000e-01  4.23742814e+05 
 2.64000000e-01  4.34540248e+05 
 2.65000000e-01  4.45606818e+05 
 2.66000000e-01  4.56949045e+05 
 2.67000000e-01  4.68573602e+05 
 2.68000000e-01  4.80487321e+05 
 2.69000000e-01  4.92697190e+05 
 2.70000000e-01  5.05210362e+05 
 2.71000000e-01  5.18034155e+05 
 2.72000000e-01  5.31176059e+05 
 2.73000000e-01  5.44643735e+05 
 2.74000000e-01  5.58445025e+05 
 2.75000000e-01  5.72587951e+05 
 2.76000000e-01  5.87080721e+05 
 2.77000000e-01  6.01931733e+05 
 2.78000000e-01  6.17149578e+05 
 2.79000000e-01  6.32743047e+05 
 2.80000000e-01  6.48721133e+05 
 2.81000000e-01  6.65093034e+05 
 2.82000000e-01  6.81868164e+05 
 2.83000000e-01  6.99056148e+05 
 2.84000000e-01  7.16666836e+05 
 2.85000000e-01  7.34710302e+05 
 2.86000000e-01  7.53196851e+05 
 2.87000000e-01  7.72137024e+05 
 2.88000000e-01  7.91541601e+05 
 2.89000000e-01  8.11421611e+05 
 2.90000000e-01  8.31788333e+05 
 2.91000000e-01  8.52653301e+05 
 2.92000000e-01  8.74028314e+05 
 2.93000000e-01  8.95925438e+05 
 2.94000000e-01  9.18357012e+05 
 2.95000000e-01  9.41335656e+05 
 2.96000000e-01  9.64874274e+05 
 2.97000000e-01  9.88986063e+05 
 2.98000000e-01  1.01368452e+06 
 2.99000000e-01  1.03898344e+06 
 3.00000000e-01  1.06489693e+06 
 3.01000000e-01  1.09143943e+06 
 3.02000000e-01  1.11862568e+06 
 3.03000000e-01  1.14647076e+06 
 3.04000000e-01  1.17499010e+06 
 3.05000000e-01  1.20419946e+06 
 3.06000000e-01  1.23411496e+06 
 3.07000000e-01  1.26475308e+06 
 3.08000000e-01  1.29613067e+06 
 3.09000000e-01  1.32826494e+06 
 3.10000000e-01  1.36117350e+06 
 3.11000000e-01  1.39487435e+06 
 3.12000000e-01  1.42938588e+06 
 3.13000000e-01  1.46472689e+06 
 3.14000000e-01  1.50091660e+06 
 3.15000000e-01  1.53797466e+06 
 3.16000000e-01  1.57592114e+06 
 3.17000000e-01  1.61477656e+06 
 3.18000000e-01  1.65456190e+06 
 3.19000000e-01  1.69529858e+06 
 3.20000000e-01  1.73700852e+06 
 3.21000000e-01  1.77971409e+06 
 3.22000000e-01  1.82343817e+06 
 3.23000000e-01  1.86820413e+06 
 3.24000000e-01  1.91403587e+06 
 3.25000000e-01  1.96095778e+06 
 3.26000000e-01  2.00899480e+06 
 3.27000000e-01  2.05817242e+06 
 3.28000000e-01  2.10851667e+06 
 3.29000000e-01  2.16005414e+06 
 3.30000000e-01  2.21281201e+06 
 3.31000000e-01  2.26681805e+06 
 3.32000000e-01  2.32210061e+06 
 3.33000000e-01  2.37868867e+06 
 3.34000000e-01  2.43661183e+06 
 3.35000000e-01  2.49590033e+06 
 3.36000000e-01  2.55658504e+06 
 3.37000000e-01  2.61869751e+06 
 3.38000000e-01  2.68226996e+06 
 3.39000000e-01  2.74733531e+06 
 3.40000000e-01  2.81392717e+06 
 3.41000000e-01  2.88207987e+06 
 3.42000000e-01  2.95182847e+06 
 3.43000000e-01  3.02320877e+06 
 3.44000000e-01  3.09625734e+06 
 3.45000000e-01  3.17101152e+06 
 3.46000000e-01  3.24750945e+06 
 3.47000000e-01  3.32579005e+06 
 3.48000000e-01  3.40589308e+06 
 3.49000000e-01  3.48785914e+06 
 3.50000000e-01  3.57172968e+06 
 3.51000000e-01  3.65754701e+06 
 3.52000000e-01  3.74535433e+06 
 3.53000000e-01  3.83519577e+06 
 3.54000000e-01  3.92711634e+06 
 3.55000000e-01  4.02116201e+06 
 3.56000000e-01  4.11737972e+06 
 3.57000000e-01  4.21581736e+06 
 3.58000000e-01  4.31652384e+06 
 3.59000000e-01  4.41954905e+06 
 3.60000000e-01  4.52494394e+06 
 3.61000000e-01  4.63276052e+06 
 3.62000000e-01  4.74305183e+06 
 3.63000000e-01  4.85587204e+06 
 3.64000000e-01  4.97127643e+06 
 3.65000000e-01  5.08932139e+06 
 3.66000000e-01  5.21006448e+06 
 3.67000000e-01  5.33356446e+06 
 3.68000000e-01  5.45988123e+06 
 3.69000000e-01  5.58907598e+06 
 3.70000000e-01  5.72121108e+06 
 3.71000000e-01  5.85635022e+06 
 3.72000000e-01  5.99455835e+06 
 3.73000000e-01  6.13590174e+06 
 3.74000000e-01  6.28044799e+06 
 3.75000000e-01  6.42826609e+06 
 3.76000000e-01  6.57942639e+06 
 3.77000000e-01  6.73400066e+06 
 3.78000000e-01  6.89206212e+06 
 3.79000000e-01  7.05368545e+06 
 3.80000000e-01  7.21894681e+06 
 3.81000000e-01  7.38792389e+06 
 3.82000000e-01  7.56069593e+06 
 3.83000000e-01  7.73734374e+06 
 3.84000000e-01  7.91794973e+06 
 3.85000000e-01  8.10259794e+06 
 3.86000000e-01  8.29137408e+06 
 3.87000000e-01  8.48436553e+06 
 3.88000000e-01  8.68166142e+06 
 3.89000000e-01  8.88335261e+06 
 3.90000000e-01  9.08953175e+06 
 3.91000000e-01  9.30029329e+06 
 3.92000000e-01  9.51573355e+06 
 3.93000000e-01  9.73595071e+06 
 3.94000000e-01  9.96104486e+06 
 3.95000000e-01  1.01911181e+07 
 3.96000000e-01  1.04262743e+07 
 3.97000000e-01  1.06666196e+07 
 3.98000000e-01  1.09122622e+07 
 3.99000000e-01  1.11633120e+07 
 4.00000000e-01  1.14198815e+07 
 4.01000000e-01  1.16820851e+07 
 4.02000000e-01  1.19500393e+07 
 4.03000000e-01  1.22238632e+07 
 4.04000000e-01  1.25036778e+07 
 4.05000000e-01  1.27896065e+07 
 4.06000000e-01  1.30817752e+07 
 4.07000000e-01  1.33803122e+07 
 4.08000000e-01  1.36853479e+07 
 4.09000000e-01  1.39970155e+07 
 4.10000000e-01  1.43154506e+07 
 4.11000000e-01  1.46407914e+07 
 4.12000000e-01  1.49731786e+07 
 4.13000000e-01  1.53127557e+07 
 4.14000000e-01  1.56596687e+07 
 4.15000000e-01  1.60140666e+07 
 4.16000000e-01  1.63761008e+07 
 4.17000000e-01  1.67459260e+07 
 4.18000000e-01  1.71236993e+07 
 4.19000000e-01  1.75095811e+07 
 4.20000000e-01  1.79037346e+07 
 4.21000000e-01  1.83063260e+07 
 4.22000000e-01  1.87175246e+07 
 4.23000000e-01  1.91375030e+07 
 4.24000000e-01  1.95664367e+07 
 4.25000000e-01  2.00045046e+07 
 4.26000000e-01  2.04518889e+07 
 4.27000000e-01  2.09087749e+07 
 4.28000000e-01  2.13753517e+07 
 4.29000000e-01  2.18518116e+07 
 4.30000000e-01  2.23383504e+07 
 4.31000000e-01  2.28351676e+07 
 4.32000000e-01  2.33424661e+07 
 4.33000000e-01  2.38604528e+07 
 4.34000000e-01  2.43893381e+07 
 4.35000000e-01  2.49293363e+07 
 4.36000000e-01  2.54806657e+07 
 4.37000000e-01  2.60435484e+07 
 4.38000000e-01  2.66182105e+07 
 4.39000000e-01  2.72048822e+07 
 4.40000000e-01  2.78037979e+07 
 4.41000000e-01  2.84151961e+07 
 4.42000000e-01  2.90393198e+07 
 4.43000000e-01  2.96764162e+07 
 4.44000000e-01  3.03267368e+07 
 4.45000000e-01  3.09905379e+07 
 4.46000000e-01  3.16680801e+07 
 4.47000000e-01  3.23596288e+07 
 4.48000000e-01  3.30654543e+07 
 4.49000000e-01  3.37858313e+07 
 4.50000000e-01  3.45210397e+07 
 4.51000000e-01  3.52713643e+07 
 4.52000000e-01  3.60370950e+07 
 4.53000000e-01  3.68185268e+07 
 4.54000000e-01  3.76159599e+07 
 4.55000000e-01  3.84296999e+07 
 4.56000000e-01  3.92600577e+07 
 4.57000000e-01  4.01073499e+07 
 4.58000000e-01  4.09718984e+07 
 4.59000000e-01  4.18540312e+07 
 4.60000000e-01  4.27540817e+07 
 4.61000000e-01  4.36723894e+07 
 4.62000000e-01  4.46092997e+07 
 4.63000000e-01  4.55651641e+07 
 4.64000000e-01  4.65403405e+07 
 4.65000000e-01  4.75351927e+07 
 4.66000000e-01  4.85500913e+07 
 4.67000000e-01  4.95854132e+07 
 4.68000000e-01  5.06415420e+07 
 4.69000000e-01  5.17188680e+07 
 4.70000000e-01  5.28177885e+07 
 4.71000000e-01  5.39387076e+07 
 4.72000000e-01  5.50820366e+07 
 4.73000000e-01  5.62481941e+07 
 4.74000000e-01  5.74376058e+07 
 4.75000000e-01  5.86507051e+07 
 4.76000000e-01  5.98879331e+07 
 4.77000000e-01  6.11497382e+07 
 4.78000000e-01  6.24365772e+07 
 4.79000000e-01  6.37489146e+07 
 4.80000000e-01  6.50872231e+07 
 4.81000000e-01  6.64519837e+07 
 4.82000000e-01  6.78436858e+07 
 4.83000000e-01  6.92628274e+07 
 4.84000000e-01  7.07099154e+07 
 4.85000000e-01  7.21854652e+07 
 4.86000000e-01  7.36900015e+07 
 4.87000000e-01  7.52240583e+07 
 4.88000000e-01  7.67881785e+07 
 4.89000000e-01  7.83829150e+07 
 4.90000000e-01  8.00088299e+07 
 4.91000000e-01  8.16664956e+07 
 4.92000000e-01  8.33564942e+07 
 4.93000000e-01  8.50794179e+07 
 4.94000000e-01  8.68358695e+07 
 4.95000000e-01  8.86264622e+07 
 4.96000000e-01  9.04518198e+07 
 4.97000000e-01  9.23125770e+07 
 4.98000000e-01  9.42093797e+07 
 4.99000000e-01  9.61428848e+07 
 5.00000000e-01  9.81137608e+07 
 5.01000000e-01  1.00122688e+08 
 5.02000000e-01  1.02170357e+08 
 5.03000000e-01  1.04257474e+08 
 5.04000000e-01  1.06384752e+08 
 5.05000000e-01  1.08552922e+08 
 5.06000000e-01  1.10762724e+08 
 5.07000000e-01  1.13014911e+08 
 5.08000000e-01  1.15310250e+08 
 5.09000000e-01  1.17649520e+08 
 5.10000000e-01  1.20033516e+08 
 5.11000000e-01  1.22463044e+08 
 5.12000000e-01  1.24938923e+08 
 5.13000000e-01  1.27461989e+08 
 5.14000000e-01  1.30033090e+08 
 5.15000000e-01  1.32653089e+08 
 5.16000000e-01  1.35322864e+08 
 5.17000000e-01  1.38043306e+08 
 5.18000000e-01  1.40815323e+08 
 5.19000000e-01  1.43639837e+08 
 5.20000000e-01  1.46517786e+08 
 5.21000000e-01  1.49450123e+08 
 5.22000000e-01  1.52437817e+08 
 5.23000000e-01  1.55481854e+08 
 5.24000000e-01  1.58583233e+08 
 5.25000000e-01  1.61742974e+08 
 5.26000000e-01  1.64962109e+08 
 5.27000000e-01  1.68241689e+08 
 5.28000000e-01  1.71582782e+08 
 5.29000000e-01  1.74986472e+08 
 5.30000000e-01  1.78453862e+08 
 5.31000000e-01  1.81986070e+08 
 5.32000000e-01  1.85584232e+08 
 5.33000000e-01  1.89249505e+08 
 5.34000000e-01  1.92983059e+08 
 5.35000000e-01  1.96786084e+08 
 5.36000000e-01  2.00659791e+08 
 5.37000000e-01  2.04605404e+08 
 5.38000000e-01  2.08624169e+08 
 5.39000000e-01  2.12717350e+08 
 5.40000000e-01  2.16886229e+08 
 5.41000000e-01  2.21132106e+08 
 5.42000000e-01  2.25456302e+08 
 5.43000000e-01  2.29860154e+08 
 5.44000000e-01  2.34345021e+08 
 5.45000000e-01  2.38912279e+08 
 5.46000000e-01  2.43563322e+08 
 5.47000000e-01  2.48299567e+08 
 5.48000000e-01  2.53122445e+08 
 5.49000000e-01  2.58033411e+08 
 5.50000000e-01  2.63033935e+08 
 5.51000000e-01  2.68125508e+08 
 5.52000000e-01  2.73309641e+08 
 5.53000000e-01  2.78587862e+08 
 5.54000000e-01  2.83961719e+08 
 5.55000000e-01  2.89432777e+08 
 5.56000000e-01  2.95002624e+08 
 5.57000000e-01  3.00672861e+08 
 5.58000000e-01  3.06445111e+08 
 5.59000000e-01  3.12321016e+08 
 5.60000000e-01  3.18302232e+08 
 5.61000000e-01  3.24390438e+08 
 5.62000000e-01  3.30587327e+08 
 5.63000000e-01  3.36894610e+08 
 5.64000000e-01  3.43314018e+08 
 5.65000000e-01  3.49847295e+08 
 5.66000000e-01  3.56496203e+08 
 5.67000000e-01  3.63262523e+08 
 5.68000000e-01  3.70148048e+08 
 5.69000000e-01  3.77154589e+08 
 5.70000000e-01  3.84283971e+08 
 5.71000000e-01  3.91538035e+08 
 5.72000000e-01  3.98918635e+08 
 5.73000000e-01  4.06427640e+08 
 5.74000000e-01  4.14066932e+08 
 5.75000000e-01  4.21838405e+08 
 5.76000000e-01  4.29743968e+08 
 5.77000000e-01  4.37785538e+08 
 5.78000000e-01  4.45965046e+08 
 5.79000000e-01  4.54284434e+08 
 5.80000000e-01  4.62745650e+08 
 5.81000000e-01  4.71350656e+08 
 5.82000000e-01  4.80101420e+08 
 5.83000000e-01  4.88999919e+08 
 5.84000000e-01  4.98048136e+08 
 5.85000000e-01  5.07248061e+08 
 5.86000000e-01  5.16601689e+08 
 5.87000000e-01  5.26111022e+08 
 5.88000000e-01  5.35778062e+08 
 5.89000000e-01  5.45604818e+08 
 5.90000000e-01  5.55593298e+08 
 5.91000000e-01  5.65745514e+08 
 5.92000000e-01  5.76063476e+08 
 5.93000000e-01  5.86549195e+08 
 5.94000000e-01  5.97204679e+08 
 5.95000000e-01  6.08031935e+08 
 5.96000000e-01  6.19032964e+08 
 5.97000000e-01  6.30209765e+08 
 5.98000000e-01  6.41564330e+08 
 5.99000000e-01  6.53098643e+08 
 6.00000000e-01  6.64814682e+08 
 6.01000000e-01  6.76714414e+08 
 6.02000000e-01  6.88799798e+08 
 6.03000000e-01  7.01072779e+08 
 6.04000000e-01  7.13535292e+08 
 6.05000000e-01  7.26189257e+08 
 6.06000000e-01  7.39036580e+08 
 6.07000000e-01  7.52079148e+08 
 6.08000000e-01  7.65318834e+08 
 6.09000000e-01  7.78757491e+08 
 6.10000000e-01  7.92396952e+08 
 6.11000000e-01  8.06239029e+08 
 6.12000000e-01  8.20285513e+08 
 6.13000000e-01  8.34538169e+08 
 6.14000000e-01  8.48998740e+08 
 6.15000000e-01  8.63668939e+08 
 6.16000000e-01  8.78550456e+08 
 6.17000000e-01  8.93644949e+08 
 6.18000000e-01  9.08954048e+08 
 6.19000000e-01  9.24479352e+08 
 6.20000000e-01  9.40222425e+08 
 6.21000000e-01  9.56184800e+08 
 6.22000000e-01  9.72367974e+08 
 6.23000000e-01  9.88773408e+08 
 6.24000000e-01  1.00540253e+09 
 6.25000000e-01  1.02225671e+09 
 6.26000000e-01  1.03933731e+09 
 6.27000000e-01  1.05664563e+09 
 6.28000000e-01  1.07418293e+09 
 6.29000000e-01  1.09195042e+09 
 6.30000000e-01  1.10994929e+09 
 6.31000000e-01  1.12818066e+09 
 6.32000000e-01  1.14664561e+09 
 6.33000000e-01  1.16534518e+09 
 6.34000000e-01  1.18428035e+09 
 6.35000000e-01  1.20345205e+09 
 6.36000000e-01  1.22286118e+09 
 6.37000000e-01  1.24250856e+09 
 6.38000000e-01  1.26239498e+09 
 6.39000000e-01  1.28252116e+09 
 6.40000000e-01  1.30288777e+09 
 6.41000000e-01  1.32349543e+09 
 6.42000000e-01  1.34434470e+09 
 6.43000000e-01  1.36543608e+09 
 6.44000000e-01  1.38677001e+09 
 6.45000000e-01  1.40834689e+09 
 6.46000000e-01  1.43016704e+09 
 6.47000000e-01  1.45223073e+09 
 6.48000000e-01  1.47453817e+09 
 6.49000000e-01  1.49708950e+09 
 6.50000000e-01  1.51988482e+09 
 6.51000000e-01  1.54292413e+09 
 6.52000000e-01  1.56620741e+09 
 6.53000000e-01  1.58973455e+09 
 6.54000000e-01  1.61350539e+09 
 6.55000000e-01  1.63751969e+09 
 6.56000000e-01  1.66177718e+09 
 6.57000000e-01  1.68627749e+09 
 6.58000000e-01  1.71102021e+09 
 6.59000000e-01  1.73600485e+09 
 6.60000000e-01  1.76123086e+09 
 6.61000000e-01  1.78669764e+09 
 6.62000000e-01  1.81240451e+09 
 6.63000000e-01  1.83835073e+09 
 6.64000000e-01  1.86453549e+09 
 6.65000000e-01  1.89095793e+09 
 6.66000000e-01  1.91761713e+09 
 6.67000000e-01  1.94451208e+09 
 6.68000000e-01  1.97164173e+09 
 6.69000000e-01  1.99900496e+09 
 6.70000000e-01  2.02660059e+09 
 6.71000000e-01  2.05442738e+09 
 6.72000000e-01  2.08248402e+09 
 6.73000000e-01  2.11076915e+09 
 6.74000000e-01  2.13928134e+09 
 6.75000000e-01  2.16801912e+09 
 6.76000000e-01  2.19698093e+09 
 6.77000000e-01  2.22616517e+09 
 6.78000000e-01  2.25557018e+09 
 6.79000000e-01  2.28519426e+09 
 6.80000000e-01  2.31503562e+09 
 6.81000000e-01  2.34509244e+09 
 6.82000000e-01  2.37536284e+09 
 6.83000000e-01  2.40584489e+09 
 6.84000000e-01  2.43653659e+09 
 6.85000000e-01  2.46743591e+09 
 6.86000000e-01  2.49854077e+09 
 6.87000000e-01  2.52984902e+09 
 6.88000000e-01  2.56135847e+09 
 6.89000000e-01  2.59306691e+09 
 6.90000000e-01  2.62497204e+09 
 6.91000000e-01  2.65707154e+09 
 6.92000000e-01  2.68936304e+09 
 6.93000000e-01  2.72184415e+09 
 6.94000000e-01  2.75451239e+09 
 6.95000000e-01  2.78736530e+09 
 6.96000000e-01  2.82040032e+09 
 6.97000000e-01  2.85361490e+09 
 6.98000000e-01  2.88700644e+09 
 6.99000000e-01  2.92057229e+09 
 7.00000000e-01  2.95430979e+09 
 7.01000000e-01  2.98821623e+09 
 7.02000000e-01  3.02228888e+09 
 7.03000000e-01  3.05652496e+09 
 7.04000000e-01  3.09092170e+09 
 7.05000000e-01  3.12547628e+09 
 7.06000000e-01  3.16018584e+09 
 7.07000000e-01  3.19504752e+09 
 7.08000000e-01  3.23005844e+09 
 7.09000000e-01  3.26521568e+09 
 7.10000000e-01  3.30051630e+09 
 7.11000000e-01  3.33595737e+09 
 7.12000000e-01  3.37153591e+09 
 7.13000000e-01  3.40724894e+09 
 7.14000000e-01  3.44309346e+09 
 7.15000000e-01  3.47906648e+09 
 7.16000000e-01  3.51516496e+09 
 7.17000000e-01  3.55138589e+09 
 7.18000000e-01  3.58772621e+09 
 7.19000000e-01  3.62418288e+09 
 7.20000000e-01  3.66075285e+09 
 7.21000000e-01  3.69743307e+09 
 7.22000000e-01  3.73422048e+09 
 7.23000000e-01  3.77111200e+09 
 7.24000000e-01  3.80810459e+09 
 7.25000000e-01  3.84519517e+09 
 7.26000000e-01  3.88238069e+09 
 7.27000000e-01  3.91965809e+09 
 7.28000000e-01  3.95702432e+09 
 7.29000000e-01  3.99447632e+09 
 7.30000000e-01  4.03201106e+09 
 7.31000000e-01  4.06962550e+09 
 7.32000000e-01  4.10731662e+09 
 7.33000000e-01  4.14508141e+09 
 7.34000000e-01  4.18291685e+09 
 7.35000000e-01  4.22081997e+09 
 7.36000000e-01  4.25878777e+09 
 7.37000000e-01  4.29681730e+09 
 7.38000000e-01  4.33490561e+09 
 7.39000000e-01  4.37304976e+09 
 7.40000000e-01  4.41124684e+09 
 7.41000000e-01  4.44949396e+09 
 7.42000000e-01  4.48778823e+09 
 7.43000000e-01  4.52612680e+09 
 7.44000000e-01  4.56450683e+09 
 7.45000000e-01  4.60292550e+09 
 7.46000000e-01  4.64138002e+09 
 7.47000000e-01  4.67986762e+09 
 7.48000000e-01  4.71838555e+09 
 7.49000000e-01  4.75693109e+09 
 7.50000000e-01  4.79550155e+09 
 7.51000000e-01  4.83409426e+09 
 7.52000000e-01  4.87270656e+09 
 7.53000000e-01  4.91133585e+09 
 7.54000000e-01  4.94997953e+09 
 7.55000000e-01  4.98863505e+09 
 7.56000000e-01  5.02729987e+09 
 7.57000000e-01  5.06597149e+09 
 7.58000000e-01  5.10464744e+09 
 7.59000000e-01  5.14332528e+09 
 7.60000000e-01  5.18200260e+09 
 7.61000000e-01  5.22067701e+09 
 7.62000000e-01  5.25934618e+09 
 7.63000000e-01  5.29800777e+09 
 7.64000000e-01  5.33665952e+09 
 7.65000000e-01  5.37529917e+09 
 7.66000000e-01  5.41392450e+09 
 7.67000000e-01  5.45253332e+09 
 7.68000000e-01  5.49112349e+09 
 7.69000000e-01  5.52969289e+09 
 7.70000000e-01  5.56823943e+09 
 7.71000000e-01  5.60676107e+09 
 7.72000000e-01  5.64525578e+09 
 7.73000000e-01  5.68372159e+09 
 7.74000000e-01  5.72215655e+09 
 7.75000000e-01  5.76055874e+09 
 7.76000000e-01  5.79892629e+09 
 7.77000000e-01  5.83725736e+09 
 7.78000000e-01  5.87555014e+09 
 7.79000000e-01  5.91380284e+09 
 7.80000000e-01  5.95201374e+09 
 7.81000000e-01  5.99018113e+09 
 7.82000000e-01  6.02830334e+09 
 7.83000000e-01  6.06637872e+09 
 7.84000000e-01  6.10440569e+09 
 7.85000000e-01  6.14238267e+09 
 7.86000000e-01  6.18030813e+09 
 7.87000000e-01  6.21818057e+09 
 7.88000000e-01  6.25599852e+09 
 7.89000000e-01  6.29376056e+09 
 7.90000000e-01  6.33146529e+09 
 7.91000000e-01  6.36911134e+09 
 7.92000000e-01  6.40669738e+09 
 7.93000000e-01  6.44422212e+09 
 7.94000000e-01  6.48168429e+09 
 7.95000000e-01  6.51908266e+09 
 7.96000000e-01  6.55641602e+09 
 7.97000000e-01  6.59368321e+09 
 7.98000000e-01  6.63088309e+09 
 7.99000000e-01  6.66801457e+09 
 8.00000000e-01  6.70507656e+09 
 8.01000000e-01  6.74206802e+09 
 8.02000000e-01  6.77898794e+09 
 8.03000000e-01  6.81583535e+09 
 8.04000000e-01  6.85260928e+09 
 8.05000000e-01  6.88930883e+09 
 8.06000000e-01  6.92593309e+09 
 8.07000000e-01  6.96248120e+09 
 8.08000000e-01  6.99895233e+09 
 8.09000000e-01  7.03534568e+09 
 8.10000000e-01  7.07166046e+09 
 8.11000000e-01  7.10789594e+09 
 8.12000000e-01  7.14405137e+09 
 8.13000000e-01  7.18012608e+09 
 8.14000000e-01  7.21611938e+09 
 8.15000000e-01  7.25203064e+09 
 8.16000000e-01  7.28785925e+09 
 8.17000000e-01  7.32360460e+09 
 8.18000000e-01  7.35926614e+09 
 8.19000000e-01  7.39484332e+09 
 8.20000000e-01  7.43033562e+09 
 8.21000000e-01  7.46574256e+09 
 8.22000000e-01  7.50106366e+09 
 8.23000000e-01  7.53629847e+09 
 8.24000000e-01  7.57144658e+09 
 8.25000000e-01  7.60650758e+09 
 8.26000000e-01  7.64148109e+09 
 8.27000000e-01  7.67636676e+09 
 8.28000000e-01  7.71116425e+09 
 8.29000000e-01  7.74587324e+09 
 8.30000000e-01  7.78049344e+09 
 8.31000000e-01  7.81502458e+09 
 8.32000000e-01  7.84946639e+09 
 8.33000000e-01  7.88381865e+09 
 8.34000000e-01  7.91808114e+09 
 8.35000000e-01  7.95225365e+09 
 8.36000000e-01  7.98633601e+09 
 8.37000000e-01  8.02032806e+09 
 8.38000000e-01  8.05422964e+09 
 8.39000000e-01  8.08804064e+09 
 8.40000000e-01  8.12176095e+09 
 8.41000000e-01  8.15539045e+09 
 8.42000000e-01  8.18892909e+09 
 8.43000000e-01  8.22237679e+09 
 8.44000000e-01  8.25573350e+09 
 8.45000000e-01  8.28899920e+09 
 8.46000000e-01  8.32217386e+09 
 8.47000000e-01  8.35525748e+09 
 8.48000000e-01  8.38825007e+09 
 8.49000000e-01  8.42115165e+09 
 8.50000000e-01  8.45396225e+09 
 8.51000000e-01  8.48668192e+09 
 8.52000000e-01  8.51931073e+09 
 8.53000000e-01  8.55184875e+09 
 8.54000000e-01  8.58429605e+09 
 8.55000000e-01  8.61665275e+09 
 8.56000000e-01  8.64891894e+09 
 8.57000000e-01  8.68109474e+09 
 8.58000000e-01  8.71318028e+09 
 8.59000000e-01  8.74517570e+09 
 8.60000000e-01  8.77708115e+09 
 8.61000000e-01  8.80889679e+09 
 8.62000000e-01  8.84062278e+09 
 8.63000000e-01  8.87225930e+09 
 8.64000000e-01  8.90380653e+09 
 8.65000000e-01  8.93526468e+09 
 8.66000000e-01  8.96663393e+09 
 8.67000000e-01  8.99791451e+09 
 8.68000000e-01  9.02910662e+09 
 8.69000000e-01  9.06021050e+09 
 8.70000000e-01  9.09122637e+09 
 8.71000000e-01  9.12215448e+09 
 8.72000000e-01  9.15299506e+09 
 8.73000000e-01  9.18374838e+09 
 8.74000000e-01  9.21441468e+09 
 8.75000000e-01  9.24499424e+09 
 8.76000000e-01  9.27548732e+09 
 8.77000000e-01  9.30589419e+09 
 8.78000000e-01  9.33621514e+09 
 8.79000000e-01  9.36645046e+09 
 8.80000000e-01  9.39660042e+09 
 8.81000000e-01  9.42666533e+09 
 8.82000000e-01  9.45664548e+09 
 8.83000000e-01  9.48654119e+09 
 8.84000000e-01  9.51635274e+09 
 8.85000000e-01  9.54608046e+09 
 8.86000000e-01  9.57572466e+09 
 8.87000000e-01  9.60528566e+09 
 8.88000000e-01  9.63476377e+09 
 8.89000000e-01  9.66415932e+09 
 8.90000000e-01  9.69347264e+09 
 8.91000000e-01  9.72270405e+09 
 8.92000000e-01  9.75185389e+09 
 8.93000000e-01  9.78092249e+09 
 8.94000000e-01  9.80991019e+09 
 8.95000000e-01  9.83881733e+09 
 8.96000000e-01  9.86764424e+09 
 8.97000000e-01  9.89639126e+09 
 8.98000000e-01  9.92505875e+09 
 8.99000000e-01  9.95364704e+09 
 9.00000000e-01  9.98215648e+09 
 9.01000000e-01  1.00105874e+10 
 9.02000000e-01  1.00389402e+10 
 9.03000000e-01  1.00672152e+10 
 9.04000000e-01  1.00954127e+10 
 9.05000000e-01  1.01235331e+10 
 9.06000000e-01  1.01515768e+10 
 9.07000000e-01  1.01795441e+10 
 9.08000000e-01  1.02074353e+10 
 9.09000000e-01  1.02352508e+10 
 9.10000000e-01  1.02629909e+10 
 9.11000000e-01  1.02906561e+10 
 9.12000000e-01  1.03182466e+10 
 9.13000000e-01  1.03457629e+10 
 9.14000000e-01  1.03732051e+10 
 9.15000000e-01  1.04005738e+10 
 9.16000000e-01  1.04278693e+10 
 9.17000000e-01  1.04550919e+10 
 9.18000000e-01  1.04822419e+10 
 9.19000000e-01  1.05093197e+10 
 9.20000000e-01  1.05363257e+10 
 9.21000000e-01  1.05632602e+10 
 9.22000000e-01  1.05901235e+10 
 9.23000000e-01  1.06169160e+10 
 9.24000000e-01  1.06436381e+10 
 9.25000000e-01  1.06702900e+10 
 9.26000000e-01  1.06968721e+10 
 9.27000000e-01  1.07233848e+10 
 9.28000000e-01  1.07498284e+10 
 9.29000000e-01  1.07762033e+10 
 9.30000000e-01  1.08025097e+10 
 9.31000000e-01  1.08287480e+10 
 9.32000000e-01  1.08549185e+10 
 9.33000000e-01  1.08810216e+10 
 9.34000000e-01  1.09070576e+10 
 9.35000000e-01  1.09330268e+10 
 9.36000000e-01  1.09589296e+10 
 9.37000000e-01  1.09847662e+10 
 9.38000000e-01  1.10105371e+10 
 9.39000000e-01  1.10362424e+10 
 9.40000000e-01  1.10618826e+10 
 9.41000000e-01  1.10874579e+10 
 9.42000000e-01  1.11129687e+10 
 9.43000000e-01  1.11384153e+10 
 9.44000000e-01  1.11637979e+10 
 9.45000000e-01  1.11891170e+10 
 9.46000000e-01  1.12143727e+10 
 9.47000000e-01  1.12395655e+10 
 9.48000000e-01  1.12646955e+10 
 9.49000000e-01  1.12897632e+10 
 9.50000000e-01  1.13147688e+10 
 9.51000000e-01  1.13397125e+10 
 9.52000000e-01  1.13645948e+10 
 9.53000000e-01  1.13894158e+10 
 9.54000000e-01  1.14141760e+10 
 9.55000000e-01  1.14388754e+10 
 9.56000000e-01  1.14635146e+10 
 9.57000000e-01  1.14880936e+10 
 9.58000000e-01  1.15126129e+10 
 9.59000000e-01  1.15370726e+10 
 9.60000000e-01  1.15614731e+10 
 9.61000000e-01  1.15858146e+10 
 9.62000000e-01  1.16100975e+10 
 9.63000000e-01  1.16343219e+10 
 9.64000000e-01  1.16584881e+10 
 9.65000000e-01  1.16825965e+10 
 9.66000000e-01  1.17066471e+10 
 9.67000000e-01  1.17306405e+10 
 9.68000000e-01  1.17545767e+10 
 9.69000000e-01  1.17784560e+10 
 9.70000000e-01  1.18022787e+10 
 9.71000000e-01  1.18260450e+10 
 9.72000000e-01  1.18497552e+10 
 9.73000000e-01  1.18734096e+10 
 9.74000000e-01  1.18970083e+10 
 9.75000000e-01  1.19205516e+10 
 9.76000000e-01  1.19440397e+10 
 9.77000000e-01  1.19674729e+10 
 9.78000000e-01  1.19908515e+10 
 9.79000000e-01  1.20141756e+10 
 9.80000000e-01  1.20374454e+10 
 9.81000000e-01  1.20606613e+10 
 9.82000000e-01  1.20838234e+10 
 9.83000000e-01  1.21069319e+10 
 9.84000000e-01  1.21299870e+10 
 9.85000000e-01  1.21529891e+10 
 9.86000000e-01  1.21759383e+10 
 9.87000000e-01  1.21988347e+10 
 9.88000000e-01  1.22216787e+10 
 9.89000000e-01  1.22444704e+10 
 9.90000000e-01  1.22672100e+10 
 9.91000000e-01  1.22898978e+10 
 9.92000000e-01  1.23125339e+10 
 9.93000000e-01  1.23351186e+10 
 9.94000000e-01  1.23576520e+10 
 9.95000000e-01  1.23801343e+10 
 9.96000000e-01  1.24025657e+10 
 9.97000000e-01  1.24249465e+10 
 9.98000000e-01  1.24472767e+10 
 9.99000000e-01  1.24695566e+10 
 1.00000000e+00  1.24917865e+10 
