 0.00000000e+00  2.60135291e+01 
 1.00000000e-03  2.60134971e+01 
 2.00000000e-03  2.60134648e+01 
 3.00000000e-03  2.60134320e+01 
 4.00000000e-03  2.60133988e+01 
 5.00000000e-03  2.60133652e+01 
 6.00000000e-03  2.60133312e+01 
 7.00000000e-03  2.60132968e+01 
 8.00000000e-03  2.60132619e+01 
 9.00000000e-03  2.60132265e+01 
 1.00000000e-02  2.60131907e+01 
 1.10000000e-02  2.60131545e+01 
 1.20000000e-02  2.60131178e+01 
 1.30000000e-02  2.60130806e+01 
 1.40000000e-02  2.60130430e+01 
 1.50000000e-02  2.60130049e+01 
 1.60000000e-02  2.60129663e+01 
 1.70000000e-02  2.60129272e+01 
 1.80000000e-02  2.60128876e+01 
 1.90000000e-02  2.60128475e+01 
 2.00000000e-02  2.60128068e+01 
 2.10000000e-02  2.60127657e+01 
 2.20000000e-02  2.60127241e+01 
 2.30000000e-02  2.60126819e+01 
 2.40000000e-02  2.60126392e+01 
 2.50000000e-02  2.60125959e+01 
 2.60000000e-02  2.60125521e+01 
 2.70000000e-02  2.60125077e+01 
 2.80000000e-02  2.60124627e+01 
 2.90000000e-02  2.60124172e+01 
 3.00000000e-02  2.60123711e+01 
 3.10000000e-02  2.60123244e+01 
 3.20000000e-02  2.60122771e+01 
 3.30000000e-02  2.60122292e+01 
 3.40000000e-02  2.60121807e+01 
 3.50000000e-02  2.60121316e+01 
 3.60000000e-02  2.60120818e+01 
 3.70000000e-02  2.60120314e+01 
 3.80000000e-02  2.60119804e+01 
 3.90000000e-02  2.60119287e+01 
 4.00000000e-02  2.60118763e+01 
 4.10000000e-02  2.60118233e+01 
 4.20000000e-02  2.60117695e+01 
 4.30000000e-02  2.60117151e+01 
 4.40000000e-02  2.60116600e+01 
 4.50000000e-02  2.60116042e+01 
 4.60000000e-02  2.60115477e+01 
 4.70000000e-02  2.60114904e+01 
 4.80000000e-02  2.60114324e+01 
 4.90000000e-02  2.60113737e+01 
 5.00000000e-02  2.60113142e+01 
 5.10000000e-02  2.60112540e+01 
 5.20000000e-02  2.60111929e+01 
 5.30000000e-02  2.60111311e+01 
 5.40000000e-02  2.60110685e+01 
 5.50000000e-02  2.60110051e+01 
 5.60000000e-02  2.60109409e+01 
 5.70000000e-02  2.60108758e+01 
 5.80000000e-02  2.60108099e+01 
 5.90000000e-02  2.60107432e+01 
 6.00000000e-02  2.60106756e+01 
 6.10000000e-02  2.60106071e+01 
 6.20000000e-02  2.60105378e+01 
 6.30000000e-02  2.60104675e+01 
 6.40000000e-02  2.60103963e+01 
 6.50000000e-02  2.60103243e+01 
 6.60000000e-02  2.60102513e+01 
 6.70000000e-02  2.60101773e+01 
 6.80000000e-02  2.60101024e+01 
 6.90000000e-02  2.60100266e+01 
 7.00000000e-02  2.60099497e+01 
 7.10000000e-02  2.60098719e+01 
 7.20000000e-02  2.60097931e+01 
 7.30000000e-02  2.60097132e+01 
 7.40000000e-02  2.60096323e+01 
 7.50000000e-02  2.60095504e+01 
 7.60000000e-02  2.60094674e+01 
 7.70000000e-02  2.60093833e+01 
 7.80000000e-02  2.60092982e+01 
 7.90000000e-02  2.60092119e+01 
 8.00000000e-02  2.60091246e+01 
 8.10000000e-02  2.60090361e+01 
 8.20000000e-02  2.60089464e+01 
 8.30000000e-02  2.60088557e+01 
 8.40000000e-02  2.60087637e+01 
 8.50000000e-02  2.60086705e+01 
 8.60000000e-02  2.60085762e+01 
 8.70000000e-02  2.60084806e+01 
 8.80000000e-02  2.60083838e+01 
 8.90000000e-02  2.60082857e+01 
 9.00000000e-02  2.60081864e+01 
 9.10000000e-02  2.60080857e+01 
 9.20000000e-02  2.60079838e+01 
 9.30000000e-02  2.60078805e+01 
 9.40000000e-02  2.60077760e+01 
 9.50000000e-02  2.60076700e+01 
 9.60000000e-02  2.60075627e+01 
 9.70000000e-02  2.60074540e+01 
 9.80000000e-02  2.60073439e+01 
 9.90000000e-02  2.60072324e+01 
 1.00000000e-01  2.60071194e+01 
 1.01000000e-01  2.60070049e+01 
 1.02000000e-01  2.60068890e+01 
 1.03000000e-01  2.60067716e+01 
 1.04000000e-01  2.60066526e+01 
 1.05000000e-01  2.60065321e+01 
 1.06000000e-01  2.60064101e+01 
 1.07000000e-01  2.60062864e+01 
 1.08000000e-01  2.60061612e+01 
 1.09000000e-01  2.60060343e+01 
 1.10000000e-01  2.60059058e+01 
 1.11000000e-01  2.60057757e+01 
 1.12000000e-01  2.60056438e+01 
 1.13000000e-01  2.60055102e+01 
 1.14000000e-01  2.60053749e+01 
 1.15000000e-01  2.60052379e+01 
 1.16000000e-01  2.60050990e+01 
 1.17000000e-01  2.60049584e+01 
 1.18000000e-01  2.60048159e+01 
 1.19000000e-01  2.60046716e+01 
 1.20000000e-01  2.60045254e+01 
 1.21000000e-01  2.60043773e+01 
 1.22000000e-01  2.60042273e+01 
 1.23000000e-01  2.60040754e+01 
 1.24000000e-01  2.60039214e+01 
 1.25000000e-01  2.60037655e+01 
 1.26000000e-01  2.60036075e+01 
 1.27000000e-01  2.60034475e+01 
 1.28000000e-01  2.60032855e+01 
 1.29000000e-01  2.60031213e+01 
 1.30000000e-01  2.60029550e+01 
 1.31000000e-01  2.60027865e+01 
 1.32000000e-01  2.60026158e+01 
 1.33000000e-01  2.60024429e+01 
 1.34000000e-01  2.60022678e+01 
 1.35000000e-01  2.60020904e+01 
 1.36000000e-01  2.60019107e+01 
 1.37000000e-01  2.60017287e+01 
 1.38000000e-01  2.60015443e+01 
 1.39000000e-01  2.60013575e+01 
 1.40000000e-01  2.60011682e+01 
 1.41000000e-01  2.60009765e+01 
 1.42000000e-01  2.60007824e+01 
 1.43000000e-01  2.60005857e+01 
 1.44000000e-01  2.60003864e+01 
 1.45000000e-01  2.60001846e+01 
 1.46000000e-01  2.59999801e+01 
 1.47000000e-01  2.59997730e+01 
 1.48000000e-01  2.59995631e+01 
 1.49000000e-01  2.59993506e+01 
 1.50000000e-01  2.59991353e+01 
 1.51000000e-01  2.59989172e+01 
 1.52000000e-01  2.59986962e+01 
 1.53000000e-01  2.59984724e+01 
 1.54000000e-01  2.59982457e+01 
 1.55000000e-01  2.59980160e+01 
 1.56000000e-01  2.59977834e+01 
 1.57000000e-01  2.59975477e+01 
 1.58000000e-01  2.59973089e+01 
 1.59000000e-01  2.59970671e+01 
 1.60000000e-01  2.59968221e+01 
 1.61000000e-01  2.59965739e+01 
 1.62000000e-01  2.59963225e+01 
 1.63000000e-01  2.59960678e+01 
 1.64000000e-01  2.59958098e+01 
 1.65000000e-01  2.59955485e+01 
 1.66000000e-01  2.59952837e+01 
 1.67000000e-01  2.59950155e+01 
 1.68000000e-01  2.59947439e+01 
 1.69000000e-01  2.59944687e+01 
 1.70000000e-01  2.59941899e+01 
 1.71000000e-01  2.59939075e+01 
 1.72000000e-01  2.59936214e+01 
 1.73000000e-01  2.59933316e+01 
 1.74000000e-01  2.59930380e+01 
 1.75000000e-01  2.59927406e+01 
 1.76000000e-01  2.59924394e+01 
 1.77000000e-01  2.59921342e+01 
 1.78000000e-01  2.59918251e+01 
 1.79000000e-01  2.59915119e+01 
 1.80000000e-01  2.59911947e+01 
 1.81000000e-01  2.59908733e+01 
 1.82000000e-01  2.59905478e+01 
 1.83000000e-01  2.59902180e+01 
 1.84000000e-01  2.59898839e+01 
 1.85000000e-01  2.59895455e+01 
 1.86000000e-01  2.59892027e+01 
 1.87000000e-01  2.59888555e+01 
 1.88000000e-01  2.59885037e+01 
 1.89000000e-01  2.59881473e+01 
 1.90000000e-01  2.59877863e+01 
 1.91000000e-01  2.59874207e+01 
 1.92000000e-01  2.59870502e+01 
 1.93000000e-01  2.59866750e+01 
 1.94000000e-01  2.59862948e+01 
 1.95000000e-01  2.59859098e+01 
 1.96000000e-01  2.59855197e+01 
 1.97000000e-01  2.59851245e+01 
 1.98000000e-01  2.59847242e+01 
 1.99000000e-01  2.59843187e+01 
 2.00000000e-01  2.59839080e+01 
 2.01000000e-01  2.59834919e+01 
 2.02000000e-01  2.59830704e+01 
 2.03000000e-01  2.59826434e+01 
 2.04000000e-01  2.59822108e+01 
 2.05000000e-01  2.59817726e+01 
 2.06000000e-01  2.59813288e+01 
 2.07000000e-01  2.59808791e+01 
 2.08000000e-01  2.59804237e+01 
 2.09000000e-01  2.59799623e+01 
 2.10000000e-01  2.59794949e+01 
 2.11000000e-01  2.59790214e+01 
 2.12000000e-01  2.59785418e+01 
 2.13000000e-01  2.59780559e+01 
 2.14000000e-01  2.59775638e+01 
 2.15000000e-01  2.59770652e+01 
 2.16000000e-01  2.59765602e+01 
 2.17000000e-01  2.59760486e+01 
 2.18000000e-01  2.59755303e+01 
 2.19000000e-01  2.59750053e+01 
 2.20000000e-01  2.59744735e+01 
 2.21000000e-01  2.59739348e+01 
 2.22000000e-01  2.59733891e+01 
 2.23000000e-01  2.59728363e+01 
 2.24000000e-01  2.59722763e+01 
 2.25000000e-01  2.59717091e+01 
 2.26000000e-01  2.59711344e+01 
 2.27000000e-01  2.59705524e+01 
 2.28000000e-01  2.59699627e+01 
 2.29000000e-01  2.59693654e+01 
 2.30000000e-01  2.59687604e+01 
 2.31000000e-01  2.59681475e+01 
 2.32000000e-01  2.59675266e+01 
 2.33000000e-01  2.59668977e+01 
 2.34000000e-01  2.59662606e+01 
 2.35000000e-01  2.59656153e+01 
 2.36000000e-01  2.59649615e+01 
 2.37000000e-01  2.59642993e+01 
 2.38000000e-01  2.59636285e+01 
 2.39000000e-01  2.59629490e+01 
 2.40000000e-01  2.59622607e+01 
 2.41000000e-01  2.59615634e+01 
 2.42000000e-01  2.59608571e+01 
 2.43000000e-01  2.59601416e+01 
 2.44000000e-01  2.59594169e+01 
 2.45000000e-01  2.59586828e+01 
 2.46000000e-01  2.59579391e+01 
 2.47000000e-01  2.59571858e+01 
 2.48000000e-01  2.59564227e+01 
 2.49000000e-01  2.59556498e+01 
 2.50000000e-01  2.59548668e+01 
 2.51000000e-01  2.59540736e+01 
 2.52000000e-01  2.59532702e+01 
 2.53000000e-01  2.59524564e+01 
 2.54000000e-01  2.59516320e+01 
 2.55000000e-01  2.59507970e+01 
 2.56000000e-01  2.59499511e+01 
 2.57000000e-01  2.59490943e+01 
 2.58000000e-01  2.59482263e+01 
 2.59000000e-01  2.59473472e+01 
 2.60000000e-01  2.59464566e+01 
 2.61000000e-01  2.59455545e+01 
 2.62000000e-01  2.59446407e+01 
 2.63000000e-01  2.59437151e+01 
 2.64000000e-01  2.59427776e+01 
 2.65000000e-01  2.59418279e+01 
 2.66000000e-01  2.59408659e+01 
 2.67000000e-01  2.59398914e+01 
 2.68000000e-01  2.59389044e+01 
 2.69000000e-01  2.59379045e+01 
 2.70000000e-01  2.59368918e+01 
 2.71000000e-01  2.59358659e+01 
 2.72000000e-01  2.59348268e+01 
 2.73000000e-01  2.59337742e+01 
 2.74000000e-01  2.59327081e+01 
 2.75000000e-01  2.59316281e+01 
 2.76000000e-01  2.59305342e+01 
 2.77000000e-01  2.59294262e+01 
 2.78000000e-01  2.59283039e+01 
 2.79000000e-01  2.59271670e+01 
 2.80000000e-01  2.59260155e+01 
 2.81000000e-01  2.59248491e+01 
 2.82000000e-01  2.59236676e+01 
 2.83000000e-01  2.59224709e+01 
 2.84000000e-01  2.59212587e+01 
 2.85000000e-01  2.59200309e+01 
 2.86000000e-01  2.59187873e+01 
 2.87000000e-01  2.59175276e+01 
 2.88000000e-01  2.59162516e+01 
 2.89000000e-01  2.59149592e+01 
 2.90000000e-01  2.59136502e+01 
 2.91000000e-01  2.59123242e+01 
 2.92000000e-01  2.59109812e+01 
 2.93000000e-01  2.59096209e+01 
 2.94000000e-01  2.59082430e+01 
 2.95000000e-01  2.59068474e+01 
 2.96000000e-01  2.59054338e+01 
 2.97000000e-01  2.59040020e+01 
 2.98000000e-01  2.59025518e+01 
 2.99000000e-01  2.59010828e+01 
 3.00000000e-01  2.58995950e+01 
 3.01000000e-01  2.58980881e+01 
 3.02000000e-01  2.58965618e+01 
 3.03000000e-01  2.58950158e+01 
 3.04000000e-01  2.58934499e+01 
 3.05000000e-01  2.58918639e+01 
 3.06000000e-01  2.58902576e+01 
 3.07000000e-01  2.58886306e+01 
 3.08000000e-01  2.58869827e+01 
 3.09000000e-01  2.58853136e+01 
 3.10000000e-01  2.58836231e+01 
 3.11000000e-01  2.58819108e+01 
 3.12000000e-01  2.58801766e+01 
 3.13000000e-01  2.58784202e+01 
 3.14000000e-01  2.58766412e+01 
 3.15000000e-01  2.58748394e+01 
 3.16000000e-01  2.58730145e+01 
 3.17000000e-01  2.58711662e+01 
 3.18000000e-01  2.58692942e+01 
 3.19000000e-01  2.58673982e+01 
 3.20000000e-01  2.58654780e+01 
 3.21000000e-01  2.58635331e+01 
 3.22000000e-01  2.58615634e+01 
 3.23000000e-01  2.58595684e+01 
 3.24000000e-01  2.58575479e+01 
 3.25000000e-01  2.58555016e+01 
 3.26000000e-01  2.58534291e+01 
 3.27000000e-01  2.58513301e+01 
 3.28000000e-01  2.58492043e+01 
 3.29000000e-01  2.58470513e+01 
 3.30000000e-01  2.58448708e+01 
 3.31000000e-01  2.58426625e+01 
 3.32000000e-01  2.58404260e+01 
 3.33000000e-01  2.58381609e+01 
 3.34000000e-01  2.58358670e+01 
 3.35000000e-01  2.58335438e+01 
 3.36000000e-01  2.58311910e+01 
 3.37000000e-01  2.58288082e+01 
 3.38000000e-01  2.58263950e+01 
 3.39000000e-01  2.58239511e+01 
 3.40000000e-01  2.58214761e+01 
 3.41000000e-01  2.58189697e+01 
 3.42000000e-01  2.58164313e+01 
 3.43000000e-01  2.58138606e+01 
 3.44000000e-01  2.58112573e+01 
 3.45000000e-01  2.58086209e+01 
 3.46000000e-01  2.58059510e+01 
 3.47000000e-01  2.58032472e+01 
 3.48000000e-01  2.58005091e+01 
 3.49000000e-01  2.57977362e+01 
 3.50000000e-01  2.57949282e+01 
 3.51000000e-01  2.57920846e+01 
 3.52000000e-01  2.57892049e+01 
 3.53000000e-01  2.57862888e+01 
 3.54000000e-01  2.57833358e+01 
 3.55000000e-01  2.57803453e+01 
 3.56000000e-01  2.57773171e+01 
 3.57000000e-01  2.57742506e+01 
 3.58000000e-01  2.57711453e+01 
 3.59000000e-01  2.57680007e+01 
 3.60000000e-01  2.57648165e+01 
 3.61000000e-01  2.57615921e+01 
 3.62000000e-01  2.57583270e+01 
 3.63000000e-01  2.57550207e+01 
 3.64000000e-01  2.57516728e+01 
 3.65000000e-01  2.57482826e+01 
 3.66000000e-01  2.57448498e+01 
 3.67000000e-01  2.57413738e+01 
 3.68000000e-01  2.57378541e+01 
 3.69000000e-01  2.57342901e+01 
 3.70000000e-01  2.57306814e+01 
 3.71000000e-01  2.57270273e+01 
 3.72000000e-01  2.57233273e+01 
 3.73000000e-01  2.57195810e+01 
 3.74000000e-01  2.57157877e+01 
 3.75000000e-01  2.57119468e+01 
 3.76000000e-01  2.57080578e+01 
 3.77000000e-01  2.57041202e+01 
 3.78000000e-01  2.57001333e+01 
 3.79000000e-01  2.56960965e+01 
 3.80000000e-01  2.56920093e+01 
 3.81000000e-01  2.56878711e+01 
 3.82000000e-01  2.56836812e+01 
 3.83000000e-01  2.56794391e+01 
 3.84000000e-01  2.56751441e+01 
 3.85000000e-01  2.56707956e+01 
 3.86000000e-01  2.56663930e+01 
 3.87000000e-01  2.56619356e+01 
 3.88000000e-01  2.56574228e+01 
 3.89000000e-01  2.56528539e+01 
 3.90000000e-01  2.56482283e+01 
 3.91000000e-01  2.56435453e+01 
 3.92000000e-01  2.56388043e+01 
 3.93000000e-01  2.56340045e+01 
 3.94000000e-01  2.56291453e+01 
 3.95000000e-01  2.56242260e+01 
 3.96000000e-01  2.56192458e+01 
 3.97000000e-01  2.56142042e+01 
 3.98000000e-01  2.56091003e+01 
 3.99000000e-01  2.56039335e+01 
 4.00000000e-01  2.55987030e+01 
 4.01000000e-01  2.55934081e+01 
 4.02000000e-01  2.55880480e+01 
 4.03000000e-01  2.55826221e+01 
 4.04000000e-01  2.55771294e+01 
 4.05000000e-01  2.55715694e+01 
 4.06000000e-01  2.55659411e+01 
 4.07000000e-01  2.55602439e+01 
 4.08000000e-01  2.55544770e+01 
 4.09000000e-01  2.55486394e+01 
 4.10000000e-01  2.55427306e+01 
 4.11000000e-01  2.55367496e+01 
 4.12000000e-01  2.55306956e+01 
 4.13000000e-01  2.55245678e+01 
 4.14000000e-01  2.55183654e+01 
 4.15000000e-01  2.55120876e+01 
 4.16000000e-01  2.55057334e+01 
 4.17000000e-01  2.54993021e+01 
 4.18000000e-01  2.54927927e+01 
 4.19000000e-01  2.54862045e+01 
 4.20000000e-01  2.54795365e+01 
 4.21000000e-01  2.54727879e+01 
 4.22000000e-01  2.54659577e+01 
 4.23000000e-01  2.54590451e+01 
 4.24000000e-01  2.54520491e+01 
 4.25000000e-01  2.54449689e+01 
 4.26000000e-01  2.54378035e+01 
 4.27000000e-01  2.54305520e+01 
 4.28000000e-01  2.54232135e+01 
 4.29000000e-01  2.54157869e+01 
 4.30000000e-01  2.54082714e+01 
 4.31000000e-01  2.54006661e+01 
 4.32000000e-01  2.53929698e+01 
 4.33000000e-01  2.53851817e+01 
 4.34000000e-01  2.53773007e+01 
 4.35000000e-01  2.53693259e+01 
 4.36000000e-01  2.53612563e+01 
 4.37000000e-01  2.53530909e+01 
 4.38000000e-01  2.53448286e+01 
 4.39000000e-01  2.53364684e+01 
 4.40000000e-01  2.53280093e+01 
 4.41000000e-01  2.53194503e+01 
 4.42000000e-01  2.53107903e+01 
 4.43000000e-01  2.53020282e+01 
 4.44000000e-01  2.52931631e+01 
 4.45000000e-01  2.52841937e+01 
 4.46000000e-01  2.52751192e+01 
 4.47000000e-01  2.52659383e+01 
 4.48000000e-01  2.52566500e+01 
 4.49000000e-01  2.52472531e+01 
 4.50000000e-01  2.52377467e+01 
 4.51000000e-01  2.52281295e+01 
 4.52000000e-01  2.52184004e+01 
 4.53000000e-01  2.52085584e+01 
 4.54000000e-01  2.51986022e+01 
 4.55000000e-01  2.51885308e+01 
 4.56000000e-01  2.51783430e+01 
 4.57000000e-01  2.51680377e+01 
 4.58000000e-01  2.51576136e+01 
 4.59000000e-01  2.51470696e+01 
 4.60000000e-01  2.51364046e+01 
 4.61000000e-01  2.51256173e+01 
 4.62000000e-01  2.51147066e+01 
 4.63000000e-01  2.51036713e+01 
 4.64000000e-01  2.50925101e+01 
 4.65000000e-01  2.50812219e+01 
 4.66000000e-01  2.50698055e+01 
 4.67000000e-01  2.50582596e+01 
 4.68000000e-01  2.50465831e+01 
 4.69000000e-01  2.50347746e+01 
 4.70000000e-01  2.50228330e+01 
 4.71000000e-01  2.50107570e+01 
 4.72000000e-01  2.49985454e+01 
 4.73000000e-01  2.49861969e+01 
 4.74000000e-01  2.49737103e+01 
 4.75000000e-01  2.49610843e+01 
 4.76000000e-01  2.49483176e+01 
 4.77000000e-01  2.49354090e+01 
 4.78000000e-01  2.49223572e+01 
 4.79000000e-01  2.49091609e+01 
 4.80000000e-01  2.48958189e+01 
 4.81000000e-01  2.48823299e+01 
 4.82000000e-01  2.48686925e+01 
 4.83000000e-01  2.48549055e+01 
 4.84000000e-01  2.48409676e+01 
 4.85000000e-01  2.48268775e+01 
 4.86000000e-01  2.48126339e+01 
 4.87000000e-01  2.47982355e+01 
 4.88000000e-01  2.47836809e+01 
 4.89000000e-01  2.47689690e+01 
 4.90000000e-01  2.47540983e+01 
 4.91000000e-01  2.47390676e+01 
 4.92000000e-01  2.47238756e+01 
 4.93000000e-01  2.47085209e+01 
 4.94000000e-01  2.46930022e+01 
 4.95000000e-01  2.46773183e+01 
 4.96000000e-01  2.46614678e+01 
 4.97000000e-01  2.46454494e+01 
 4.98000000e-01  2.46292617e+01 
 4.99000000e-01  2.46129036e+01 
 5.00000000e-01  2.45963736e+01 
 5.01000000e-01  2.45796705e+01 
 5.02000000e-01  2.45627929e+01 
 5.03000000e-01  2.45457396e+01 
 5.04000000e-01  2.45285092e+01 
 5.05000000e-01  2.45111005e+01 
 5.06000000e-01  2.44935121e+01 
 5.07000000e-01  2.44757428e+01 
 5.08000000e-01  2.44577913e+01 
 5.09000000e-01  2.44396562e+01 
 5.10000000e-01  2.44213364e+01 
 5.11000000e-01  2.44028305e+01 
 5.12000000e-01  2.43841373e+01 
 5.13000000e-01  2.43652554e+01 
 5.14000000e-01  2.43461837e+01 
 5.15000000e-01  2.43269209e+01 
 5.16000000e-01  2.43074657e+01 
 5.17000000e-01  2.42878169e+01 
 5.18000000e-01  2.42679733e+01 
 5.19000000e-01  2.42479337e+01 
 5.20000000e-01  2.42276968e+01 
 5.21000000e-01  2.42072614e+01 
 5.22000000e-01  2.41866264e+01 
 5.23000000e-01  2.41657905e+01 
 5.24000000e-01  2.41447527e+01 
 5.25000000e-01  2.41235116e+01 
 5.26000000e-01  2.41020662e+01 
 5.27000000e-01  2.40804154e+01 
 5.28000000e-01  2.40585579e+01 
 5.29000000e-01  2.40364928e+01 
 5.30000000e-01  2.40142188e+01 
 5.31000000e-01  2.39917349e+01 
 5.32000000e-01  2.39690401e+01 
 5.33000000e-01  2.39461332e+01 
 5.34000000e-01  2.39230132e+01 
 5.35000000e-01  2.38996791e+01 
 5.36000000e-01  2.38761300e+01 
 5.37000000e-01  2.38523647e+01 
 5.38000000e-01  2.38283823e+01 
 5.39000000e-01  2.38041819e+01 
 5.40000000e-01  2.37797625e+01 
 5.41000000e-01  2.37551231e+01 
 5.42000000e-01  2.37302630e+01 
 5.43000000e-01  2.37051812e+01 
 5.44000000e-01  2.36798768e+01 
 5.45000000e-01  2.36543491e+01 
 5.46000000e-01  2.36285971e+01 
 5.47000000e-01  2.36026201e+01 
 5.48000000e-01  2.35764173e+01 
 5.49000000e-01  2.35499880e+01 
 5.50000000e-01  2.35233314e+01 
 5.51000000e-01  2.34964469e+01 
 5.52000000e-01  2.34693337e+01 
 5.53000000e-01  2.34419913e+01 
 5.54000000e-01  2.34144189e+01 
 5.55000000e-01  2.33866160e+01 
 5.56000000e-01  2.33585820e+01 
 5.57000000e-01  2.33303164e+01 
 5.58000000e-01  2.33018186e+01 
 5.59000000e-01  2.32730882e+01 
 5.60000000e-01  2.32441247e+01 
 5.61000000e-01  2.32149276e+01 
 5.62000000e-01  2.31854966e+01 
 5.63000000e-01  2.31558314e+01 
 5.64000000e-01  2.31259315e+01 
 5.65000000e-01  2.30957966e+01 
 5.66000000e-01  2.30654266e+01 
 5.67000000e-01  2.30348211e+01 
 5.68000000e-01  2.30039799e+01 
 5.69000000e-01  2.29729029e+01 
 5.70000000e-01  2.29415900e+01 
 5.71000000e-01  2.29100409e+01 
 5.72000000e-01  2.28782557e+01 
 5.73000000e-01  2.28462344e+01 
 5.74000000e-01  2.28139768e+01 
 5.75000000e-01  2.27814831e+01 
 5.76000000e-01  2.27487533e+01 
 5.77000000e-01  2.27157876e+01 
 5.78000000e-01  2.26825860e+01 
 5.79000000e-01  2.26491488e+01 
 5.80000000e-01  2.26154763e+01 
 5.81000000e-01  2.25815685e+01 
 5.82000000e-01  2.25474260e+01 
 5.83000000e-01  2.25130489e+01 
 5.84000000e-01  2.24784377e+01 
 5.85000000e-01  2.24435928e+01 
 5.86000000e-01  2.24085147e+01 
 5.87000000e-01  2.23732038e+01 
 5.88000000e-01  2.23376607e+01 
 5.89000000e-01  2.23018860e+01 
 5.90000000e-01  2.22658803e+01 
 5.91000000e-01  2.22296442e+01 
 5.92000000e-01  2.21931785e+01 
 5.93000000e-01  2.21564838e+01 
 5.94000000e-01  2.21195611e+01 
 5.95000000e-01  2.20824111e+01 
 5.96000000e-01  2.20450346e+01 
 5.97000000e-01  2.20074326e+01 
 5.98000000e-01  2.19696061e+01 
 5.99000000e-01  2.19315559e+01 
 6.00000000e-01  2.18932832e+01 
 6.01000000e-01  2.18547891e+01 
 6.02000000e-01  2.18160745e+01 
 6.03000000e-01  2.17771408e+01 
 6.04000000e-01  2.17379891e+01 
 6.05000000e-01  2.16986206e+01 
 6.06000000e-01  2.16590366e+01 
 6.07000000e-01  2.16192384e+01 
 6.08000000e-01  2.15792274e+01 
 6.09000000e-01  2.15390050e+01 
 6.10000000e-01  2.14985726e+01 
 6.11000000e-01  2.14579317e+01 
 6.12000000e-01  2.14170838e+01 
 6.13000000e-01  2.13760306e+01 
 6.14000000e-01  2.13347734e+01 
 6.15000000e-01  2.12933141e+01 
 6.16000000e-01  2.12516543e+01 
 6.17000000e-01  2.12097956e+01 
 6.18000000e-01  2.11677398e+01 
 6.19000000e-01  2.11254888e+01 
 6.20000000e-01  2.10830443e+01 
 6.21000000e-01  2.10404081e+01 
 6.22000000e-01  2.09975823e+01 
 6.23000000e-01  2.09545686e+01 
 6.24000000e-01  2.09113690e+01 
 6.25000000e-01  2.08679856e+01 
 6.26000000e-01  2.08244203e+01 
 6.27000000e-01  2.07806752e+01 
 6.28000000e-01  2.07367523e+01 
 6.29000000e-01  2.06926539e+01 
 6.30000000e-01  2.06483820e+01 
 6.31000000e-01  2.06039388e+01 
 6.32000000e-01  2.05593264e+01 
 6.33000000e-01  2.05145472e+01 
 6.34000000e-01  2.04696034e+01 
 6.35000000e-01  2.04244972e+01 
 6.36000000e-01  2.03792309e+01 
 6.37000000e-01  2.03338069e+01 
 6.38000000e-01  2.02882275e+01 
 6.39000000e-01  2.02424951e+01 
 6.40000000e-01  2.01966121e+01 
 6.41000000e-01  2.01505808e+01 
 6.42000000e-01  2.01044037e+01 
 6.43000000e-01  2.00580833e+01 
 6.44000000e-01  2.00116220e+01 
 6.45000000e-01  1.99650222e+01 
 6.46000000e-01  1.99182866e+01 
 6.47000000e-01  1.98714175e+01 
 6.48000000e-01  1.98244175e+01 
 6.49000000e-01  1.97772891e+01 
 6.50000000e-01  1.97300349e+01 
 6.51000000e-01  1.96826574e+01 
 6.52000000e-01  1.96351592e+01 
 6.53000000e-01  1.95875428e+01 
 6.54000000e-01  1.95398108e+01 
 6.55000000e-01  1.94919658e+01 
 6.56000000e-01  1.94440104e+01 
 6.57000000e-01  1.93959472e+01 
 6.58000000e-01  1.93477786e+01 
 6.59000000e-01  1.92995074e+01 
 6.60000000e-01  1.92511361e+01 
 6.61000000e-01  1.92026673e+01 
 6.62000000e-01  1.91541036e+01 
 6.63000000e-01  1.91054475e+01 
 6.64000000e-01  1.90567017e+01 
 6.65000000e-01  1.90078686e+01 
 6.66000000e-01  1.89589510e+01 
 6.67000000e-01  1.89099512e+01 
 6.68000000e-01  1.88608719e+01 
 6.69000000e-01  1.88117156e+01 
 6.70000000e-01  1.87624848e+01 
 6.71000000e-01  1.87131820e+01 
 6.72000000e-01  1.86638098e+01 
 6.73000000e-01  1.86143706e+01 
 6.74000000e-01  1.85648669e+01 
 6.75000000e-01  1.85153012e+01 
 6.76000000e-01  1.84656758e+01 
 6.77000000e-01  1.84159933e+01 
 6.78000000e-01  1.83662560e+01 
 6.79000000e-01  1.83164663e+01 
 6.80000000e-01  1.82666266e+01 
 6.81000000e-01  1.82167392e+01 
 6.82000000e-01  1.81668064e+01 
 6.83000000e-01  1.81168306e+01 
 6.84000000e-01  1.80668140e+01 
 6.85000000e-01  1.80167588e+01 
 6.86000000e-01  1.79666674e+01 
 6.87000000e-01  1.79165419e+01 
 6.88000000e-01  1.78663845e+01 
 6.89000000e-01  1.78161974e+01 
 6.90000000e-01  1.77659826e+01 
 6.91000000e-01  1.77157423e+01 
 6.92000000e-01  1.76654785e+01 
 6.93000000e-01  1.76151934e+01 
 6.94000000e-01  1.75648888e+01 
 6.95000000e-01  1.75145669e+01 
 6.96000000e-01  1.74642295e+01 
 6.97000000e-01  1.74138786e+01 
 6.98000000e-01  1.73635161e+01 
 6.99000000e-01  1.73131438e+01 
 7.00000000e-01  1.72627636e+01 
 7.01000000e-01  1.72123772e+01 
 7.02000000e-01  1.71619866e+01 
 7.03000000e-01  1.71115933e+01 
 7.04000000e-01  1.70611992e+01 
 7.05000000e-01  1.70108059e+01 
 7.06000000e-01  1.69604150e+01 
 7.07000000e-01  1.69100281e+01 
 7.08000000e-01  1.68596470e+01 
 7.09000000e-01  1.68092730e+01 
 7.10000000e-01  1.67589077e+01 
 7.11000000e-01  1.67085527e+01 
 7.12000000e-01  1.66582093e+01 
 7.13000000e-01  1.66078791e+01 
 7.14000000e-01  1.65575633e+01 
 7.15000000e-01  1.65072634e+01 
 7.16000000e-01  1.64569808e+01 
 7.17000000e-01  1.64067166e+01 
 7.18000000e-01  1.63564722e+01 
 7.19000000e-01  1.63062489e+01 
 7.20000000e-01  1.62560479e+01 
 7.21000000e-01  1.62058703e+01 
 7.22000000e-01  1.61557173e+01 
 7.23000000e-01  1.61055900e+01 
 7.24000000e-01  1.60554897e+01 
 7.25000000e-01  1.60054172e+01 
 7.26000000e-01  1.59553737e+01 
 7.27000000e-01  1.59053603e+01 
 7.28000000e-01  1.58553778e+01 
 7.29000000e-01  1.58054274e+01 
 7.30000000e-01  1.57555099e+01 
 7.31000000e-01  1.57056262e+01 
 7.32000000e-01  1.56557774e+01 
 7.33000000e-01  1.56059642e+01 
 7.34000000e-01  1.55561875e+01 
 7.35000000e-01  1.55064481e+01 
 7.36000000e-01  1.54567470e+01 
 7.37000000e-01  1.54070848e+01 
 7.38000000e-01  1.53574624e+01 
 7.39000000e-01  1.53078805e+01 
 7.40000000e-01  1.52583398e+01 
 7.41000000e-01  1.52088412e+01 
 7.42000000e-01  1.51593852e+01 
 7.43000000e-01  1.51099726e+01 
 7.44000000e-01  1.50606041e+01 
 7.45000000e-01  1.50112803e+01 
 7.46000000e-01  1.49620019e+01 
 7.47000000e-01  1.49127695e+01 
 7.48000000e-01  1.48635837e+01 
 7.49000000e-01  1.48144453e+01 
 7.50000000e-01  1.47653546e+01 
 7.51000000e-01  1.47163125e+01 
 7.52000000e-01  1.46673193e+01 
 7.53000000e-01  1.46183758e+01 
 7.54000000e-01  1.45694825e+01 
 7.55000000e-01  1.45206399e+01 
 7.56000000e-01  1.44718486e+01 
 7.57000000e-01  1.44231092e+01 
 7.58000000e-01  1.43744221e+01 
 7.59000000e-01  1.43257880e+01 
 7.60000000e-01  1.42772073e+01 
 7.61000000e-01  1.42286806e+01 
 7.62000000e-01  1.41802085e+01 
 7.63000000e-01  1.41317914e+01 
 7.64000000e-01  1.40834299e+01 
 7.65000000e-01  1.40351245e+01 
 7.66000000e-01  1.39868757e+01 
 7.67000000e-01  1.39386841e+01 
 7.68000000e-01  1.38905502e+01 
 7.69000000e-01  1.38424745e+01 
 7.70000000e-01  1.37944575e+01 
 7.71000000e-01  1.37464998e+01 
 7.72000000e-01  1.36986019e+01 
 7.73000000e-01  1.36507644e+01 
 7.74000000e-01  1.36029877e+01 
 7.75000000e-01  1.35552725e+01 
 7.76000000e-01  1.35076193e+01 
 7.77000000e-01  1.34600286e+01 
 7.78000000e-01  1.34125011e+01 
 7.79000000e-01  1.33650372e+01 
 7.80000000e-01  1.33176376e+01 
 7.81000000e-01  1.32703029e+01 
 7.82000000e-01  1.32230335e+01 
 7.83000000e-01  1.31758302e+01 
 7.84000000e-01  1.31286935e+01 
 7.85000000e-01  1.30816241e+01 
 7.86000000e-01  1.30346224e+01 
 7.87000000e-01  1.29876893e+01 
 7.88000000e-01  1.29408253e+01 
 7.89000000e-01  1.28940310e+01 
 7.90000000e-01  1.28473071e+01 
 7.91000000e-01  1.28006543e+01 
 7.92000000e-01  1.27540732e+01 
 7.93000000e-01  1.27075644e+01 
 7.94000000e-01  1.26611288e+01 
 7.95000000e-01  1.26147669e+01 
 7.96000000e-01  1.25684795e+01 
 7.97000000e-01  1.25222673e+01 
 7.98000000e-01  1.24761310e+01 
 7.99000000e-01  1.24300713e+01 
 8.00000000e-01  1.23840889e+01 
 8.01000000e-01  1.23381846e+01 
 8.02000000e-01  1.22923592e+01 
 8.03000000e-01  1.22466134e+01 
 8.04000000e-01  1.22009479e+01 
 8.05000000e-01  1.21553636e+01 
 8.06000000e-01  1.21098612e+01 
 8.07000000e-01  1.20644415e+01 
 8.08000000e-01  1.20191053e+01 
 8.09000000e-01  1.19738534e+01 
 8.10000000e-01  1.19286866e+01 
 8.11000000e-01  1.18836058e+01 
 8.12000000e-01  1.18386117e+01 
 8.13000000e-01  1.17937052e+01 
 8.14000000e-01  1.17488871e+01 
 8.15000000e-01  1.17041582e+01 
 8.16000000e-01  1.16595195e+01 
 8.17000000e-01  1.16149717e+01 
 8.18000000e-01  1.15705156e+01 
 8.19000000e-01  1.15261523e+01 
 8.20000000e-01  1.14818824e+01 
 8.21000000e-01  1.14377069e+01 
 8.22000000e-01  1.13936267e+01 
 8.23000000e-01  1.13496426e+01 
 8.24000000e-01  1.13057555e+01 
 8.25000000e-01  1.12619662e+01 
 8.26000000e-01  1.12182757e+01 
 8.27000000e-01  1.11746848e+01 
 8.28000000e-01  1.11311944e+01 
 8.29000000e-01  1.10878054e+01 
 8.30000000e-01  1.10445186e+01 
 8.31000000e-01  1.10013350e+01 
 8.32000000e-01  1.09582554e+01 
 8.33000000e-01  1.09152807e+01 
 8.34000000e-01  1.08724118e+01 
 8.35000000e-01  1.08296495e+01 
 8.36000000e-01  1.07869947e+01 
 8.37000000e-01  1.07444483e+01 
 8.38000000e-01  1.07020112e+01 
 8.39000000e-01  1.06596842e+01 
 8.40000000e-01  1.06174682e+01 
 8.41000000e-01  1.05753640e+01 
 8.42000000e-01  1.05333725e+01 
 8.43000000e-01  1.04914946e+01 
 8.44000000e-01  1.04497310e+01 
 8.45000000e-01  1.04080827e+01 
 8.46000000e-01  1.03665504e+01 
 8.47000000e-01  1.03251350e+01 
 8.48000000e-01  1.02838374e+01 
 8.49000000e-01  1.02426582e+01 
 8.50000000e-01  1.02015983e+01 
 8.51000000e-01  1.01606586e+01 
 8.52000000e-01  1.01198397e+01 
 8.53000000e-01  1.00791425e+01 
 8.54000000e-01  1.00385678e+01 
 8.55000000e-01  9.99811635e+00 
 8.56000000e-01  9.95778884e+00 
 8.57000000e-01  9.91758606e+00 
 8.58000000e-01  9.87750873e+00 
 8.59000000e-01  9.83755759e+00 
 8.60000000e-01  9.79773335e+00 
 8.61000000e-01  9.75803672e+00 
 8.62000000e-01  9.71846839e+00 
 8.63000000e-01  9.67902904e+00 
 8.64000000e-01  9.63971935e+00 
 8.65000000e-01  9.60053997e+00 
 8.66000000e-01  9.56149157e+00 
 8.67000000e-01  9.52257477e+00 
 8.68000000e-01  9.48379020e+00 
 8.69000000e-01  9.44513848e+00 
 8.70000000e-01  9.40662020e+00 
 8.71000000e-01  9.36823595e+00 
 8.72000000e-01  9.32998632e+00 
 8.73000000e-01  9.29187185e+00 
 8.74000000e-01  9.25389310e+00 
 8.75000000e-01  9.21605062e+00 
 8.76000000e-01  9.17834491e+00 
 8.77000000e-01  9.14077648e+00 
 8.78000000e-01  9.10334585e+00 
 8.79000000e-01  9.06605347e+00 
 8.80000000e-01  9.02889984e+00 
 8.81000000e-01  8.99188539e+00 
 8.82000000e-01  8.95501056e+00 
 8.83000000e-01  8.91827579e+00 
 8.84000000e-01  8.88168149e+00 
 8.85000000e-01  8.84522805e+00 
 8.86000000e-01  8.80891585e+00 
 8.87000000e-01  8.77274527e+00 
 8.88000000e-01  8.73671666e+00 
 8.89000000e-01  8.70083036e+00 
 8.90000000e-01  8.66508669e+00 
 8.91000000e-01  8.62948598e+00 
 8.92000000e-01  8.59402850e+00 
 8.93000000e-01  8.55871455e+00 
 8.94000000e-01  8.52354440e+00 
 8.95000000e-01  8.48851829e+00 
 8.96000000e-01  8.45363647e+00 
 8.97000000e-01  8.41889916e+00 
 8.98000000e-01  8.38430658e+00 
 8.99000000e-01  8.34985891e+00 
 9.00000000e-01  8.31555634e+00 
 9.01000000e-01  8.28139905e+00 
 9.02000000e-01  8.24738717e+00 
 9.03000000e-01  8.21352086e+00 
 9.04000000e-01  8.17980024e+00 
 9.05000000e-01  8.14622542e+00 
 9.06000000e-01  8.11279649e+00 
 9.07000000e-01  8.07951355e+00 
 9.08000000e-01  8.04637665e+00 
 9.09000000e-01  8.01338587e+00 
 9.10000000e-01  7.98054124e+00 
 9.11000000e-01  7.94784279e+00 
 9.12000000e-01  7.91529055e+00 
 9.13000000e-01  7.88288450e+00 
 9.14000000e-01  7.85062465e+00 
 9.15000000e-01  7.81851097e+00 
 9.16000000e-01  7.78654343e+00 
 9.17000000e-01  7.75472197e+00 
 9.18000000e-01  7.72304655e+00 
 9.19000000e-01  7.69151707e+00 
 9.20000000e-01  7.66013347e+00 
 9.21000000e-01  7.62889565e+00 
 9.22000000e-01  7.59780348e+00 
 9.23000000e-01  7.56685686e+00 
 9.24000000e-01  7.53605565e+00 
 9.25000000e-01  7.50539971e+00 
 9.26000000e-01  7.47488887e+00 
 9.27000000e-01  7.44452298e+00 
 9.28000000e-01  7.41430186e+00 
 9.29000000e-01  7.38422531e+00 
 9.30000000e-01  7.35429314e+00 
 9.31000000e-01  7.32450513e+00 
 9.32000000e-01  7.29486107e+00 
 9.33000000e-01  7.26536072e+00 
 9.34000000e-01  7.23600385e+00 
 9.35000000e-01  7.20679020e+00 
 9.36000000e-01  7.17771950e+00 
 9.37000000e-01  7.14879150e+00 
 9.38000000e-01  7.12000591e+00 
 9.39000000e-01  7.09136244e+00 
 9.40000000e-01  7.06286078e+00 
 9.41000000e-01  7.03450065e+00 
 9.42000000e-01  7.00628170e+00 
 9.43000000e-01  6.97820363e+00 
 9.44000000e-01  6.95026610e+00 
 9.45000000e-01  6.92246877e+00 
 9.46000000e-01  6.89481128e+00 
 9.47000000e-01  6.86729328e+00 
 9.48000000e-01  6.83991440e+00 
 9.49000000e-01  6.81267426e+00 
 9.50000000e-01  6.78557250e+00 
 9.51000000e-01  6.75860872e+00 
 9.52000000e-01  6.73178252e+00 
 9.53000000e-01  6.70509350e+00 
 9.54000000e-01  6.67854125e+00 
 9.55000000e-01  6.65212536e+00 
 9.56000000e-01  6.62584541e+00 
 9.57000000e-01  6.59970095e+00 
 9.58000000e-01  6.57369157e+00 
 9.59000000e-01  6.54781682e+00 
 9.60000000e-01  6.52207626e+00 
 9.61000000e-01  6.49646942e+00 
 9.62000000e-01  6.47099585e+00 
 9.63000000e-01  6.44565510e+00 
 9.64000000e-01  6.42044668e+00 
 9.65000000e-01  6.39537013e+00 
 9.66000000e-01  6.37042497e+00 
 9.67000000e-01  6.34561072e+00 
 9.68000000e-01  6.32092688e+00 
 9.69000000e-01  6.29637297e+00 
 9.70000000e-01  6.27194849e+00 
 9.71000000e-01  6.24765293e+00 
 9.72000000e-01  6.22348580e+00 
 9.73000000e-01  6.19944658e+00 
 9.74000000e-01  6.17553476e+00 
 9.75000000e-01  6.15174982e+00 
 9.76000000e-01  6.12809125e+00 
 9.77000000e-01  6.10455852e+00 
 9.78000000e-01  6.08115111e+00 
 9.79000000e-01  6.05786848e+00 
 9.80000000e-01  6.03471011e+00 
 9.81000000e-01  6.01167546e+00 
 9.82000000e-01  5.98876398e+00 
 9.83000000e-01  5.96597515e+00 
 9.84000000e-01  5.94330841e+00 
 9.85000000e-01  5.92076323e+00 
 9.86000000e-01  5.89833905e+00 
 9.87000000e-01  5.87603532e+00 
 9.88000000e-01  5.85385150e+00 
 9.89000000e-01  5.83178703e+00 
 9.90000000e-01  5.80984135e+00 
 9.91000000e-01  5.78801391e+00 
 9.92000000e-01  5.76630415e+00 
 9.93000000e-01  5.74471150e+00 
 9.94000000e-01  5.72323542e+00 
 9.95000000e-01  5.70187533e+00 
 9.96000000e-01  5.68063067e+00 
 9.97000000e-01  5.65950088e+00 
 9.98000000e-01  5.63848539e+00 
 9.99000000e-01  5.61758364e+00 
 1.00000000e+00  5.59679505e+00 
