 0.00000000e+00  1.45203206e+02 
 1.00000000e-03  1.45203340e+02 
 2.00000000e-03  1.45203468e+02 
 3.00000000e-03  1.45203591e+02 
 4.00000000e-03  1.45203707e+02 
 5.00000000e-03  1.45203817e+02 
 6.00000000e-03  1.45203921e+02 
 7.00000000e-03  1.45204019e+02 
 8.00000000e-03  1.45204111e+02 
 9.00000000e-03  1.45204196e+02 
 1.00000000e-02  1.45204275e+02 
 1.10000000e-02  1.45204347e+02 
 1.20000000e-02  1.45204413e+02 
 1.30000000e-02  1.45204472e+02 
 1.40000000e-02  1.45204524e+02 
 1.50000000e-02  1.45204569e+02 
 1.60000000e-02  1.45204607e+02 
 1.70000000e-02  1.45204638e+02 
 1.80000000e-02  1.45204662e+02 
 1.90000000e-02  1.45204678e+02 
 2.00000000e-02  1.45204688e+02 
 2.10000000e-02  1.45204689e+02 
 2.20000000e-02  1.45204683e+02 
 2.30000000e-02  1.45204670e+02 
 2.40000000e-02  1.45204648e+02 
 2.50000000e-02  1.45204619e+02 
 2.60000000e-02  1.45204582e+02 
 2.70000000e-02  1.45204536e+02 
 2.80000000e-02  1.45204483e+02 
 2.90000000e-02  1.45204421e+02 
 3.00000000e-02  1.45204350e+02 
 3.10000000e-02  1.45204271e+02 
 3.20000000e-02  1.45204183e+02 
 3.30000000e-02  1.45204087e+02 
 3.40000000e-02  1.45203981e+02 
 3.50000000e-02  1.45203867e+02 
 3.60000000e-02  1.45203743e+02 
 3.70000000e-02  1.45203610e+02 
 3.80000000e-02  1.45203468e+02 
 3.90000000e-02  1.45203316e+02 
 4.00000000e-02  1.45203155e+02 
 4.10000000e-02  1.45202983e+02 
 4.20000000e-02  1.45202802e+02 
 4.30000000e-02  1.45202611e+02 
 4.40000000e-02  1.45202409e+02 
 4.50000000e-02  1.45202197e+02 
 4.60000000e-02  1.45201975e+02 
 4.70000000e-02  1.45201742e+02 
 4.80000000e-02  1.45201498e+02 
 4.90000000e-02  1.45201243e+02 
 5.00000000e-02  1.45200978e+02 
 5.10000000e-02  1.45200701e+02 
 5.20000000e-02  1.45200412e+02 
 5.30000000e-02  1.45200112e+02 
 5.40000000e-02  1.45199801e+02 
 5.50000000e-02  1.45199478e+02 
 5.60000000e-02  1.45199142e+02 
 5.70000000e-02  1.45198795e+02 
 5.80000000e-02  1.45198435e+02 
 5.90000000e-02  1.45198063e+02 
 6.00000000e-02  1.45197678e+02 
 6.10000000e-02  1.45197280e+02 
 6.20000000e-02  1.45196870e+02 
 6.30000000e-02  1.45196446e+02 
 6.40000000e-02  1.45196009e+02 
 6.50000000e-02  1.45195558e+02 
 6.60000000e-02  1.45195093e+02 
 6.70000000e-02  1.45194615e+02 
 6.80000000e-02  1.45194123e+02 
 6.90000000e-02  1.45193616e+02 
 7.00000000e-02  1.45193095e+02 
 7.10000000e-02  1.45192559e+02 
 7.20000000e-02  1.45192009e+02 
 7.30000000e-02  1.45191443e+02 
 7.40000000e-02  1.45190862e+02 
 7.50000000e-02  1.45190266e+02 
 7.60000000e-02  1.45189654e+02 
 7.70000000e-02  1.45189026e+02 
 7.80000000e-02  1.45188382e+02 
 7.90000000e-02  1.45187721e+02 
 8.00000000e-02  1.45187045e+02 
 8.10000000e-02  1.45186351e+02 
 8.20000000e-02  1.45185640e+02 
 8.30000000e-02  1.45184913e+02 
 8.40000000e-02  1.45184167e+02 
 8.50000000e-02  1.45183405e+02 
 8.60000000e-02  1.45182624e+02 
 8.70000000e-02  1.45181825e+02 
 8.80000000e-02  1.45181008e+02 
 8.90000000e-02  1.45180172e+02 
 9.00000000e-02  1.45179317e+02 
 9.10000000e-02  1.45178443e+02 
 9.20000000e-02  1.45177550e+02 
 9.30000000e-02  1.45176637e+02 
 9.40000000e-02  1.45175704e+02 
 9.50000000e-02  1.45174751e+02 
 9.60000000e-02  1.45173777e+02 
 9.70000000e-02  1.45172780e+02 
 9.80000000e-02  1.45171759e+02 
 9.90000000e-02  1.45170717e+02 
 1.00000000e-01  1.45169653e+02 
 1.01000000e-01  1.45168567e+02 
 1.02000000e-01  1.45167459e+02 
 1.03000000e-01  1.45166328e+02 
 1.04000000e-01  1.45165175e+02 
 1.05000000e-01  1.45163999e+02 
 1.06000000e-01  1.45162799e+02 
 1.07000000e-01  1.45161576e+02 
 1.08000000e-01  1.45160329e+02 
 1.09000000e-01  1.45159057e+02 
 1.10000000e-01  1.45157761e+02 
 1.11000000e-01  1.45156440e+02 
 1.12000000e-01  1.45155093e+02 
 1.13000000e-01  1.45153721e+02 
 1.14000000e-01  1.45152323e+02 
 1.15000000e-01  1.45150898e+02 
 1.16000000e-01  1.45149447e+02 
 1.17000000e-01  1.45147969e+02 
 1.18000000e-01  1.45146463e+02 
 1.19000000e-01  1.45144930e+02 
 1.20000000e-01  1.45143368e+02 
 1.21000000e-01  1.45141778e+02 
 1.22000000e-01  1.45140160e+02 
 1.23000000e-01  1.45138511e+02 
 1.24000000e-01  1.45136834e+02 
 1.25000000e-01  1.45135126e+02 
 1.26000000e-01  1.45133387e+02 
 1.27000000e-01  1.45131618e+02 
 1.28000000e-01  1.45129818e+02 
 1.29000000e-01  1.45127985e+02 
 1.30000000e-01  1.45126121e+02 
 1.31000000e-01  1.45124224e+02 
 1.32000000e-01  1.45122295e+02 
 1.33000000e-01  1.45120331e+02 
 1.34000000e-01  1.45118334e+02 
 1.35000000e-01  1.45116303e+02 
 1.36000000e-01  1.45114237e+02 
 1.37000000e-01  1.45112136e+02 
 1.38000000e-01  1.45109999e+02 
 1.39000000e-01  1.45107826e+02 
 1.40000000e-01  1.45105616e+02 
 1.41000000e-01  1.45103369e+02 
 1.42000000e-01  1.45101085e+02 
 1.43000000e-01  1.45098762e+02 
 1.44000000e-01  1.45096401e+02 
 1.45000000e-01  1.45094001e+02 
 1.46000000e-01  1.45091561e+02 
 1.47000000e-01  1.45089081e+02 
 1.48000000e-01  1.45086560e+02 
 1.49000000e-01  1.45083998e+02 
 1.50000000e-01  1.45081394e+02 
 1.51000000e-01  1.45078748e+02 
 1.52000000e-01  1.45076059e+02 
 1.53000000e-01  1.45073327e+02 
 1.54000000e-01  1.45070551e+02 
 1.55000000e-01  1.45067730e+02 
 1.56000000e-01  1.45064863e+02 
 1.57000000e-01  1.45061952e+02 
 1.58000000e-01  1.45058993e+02 
 1.59000000e-01  1.45055988e+02 
 1.60000000e-01  1.45052935e+02 
 1.61000000e-01  1.45049834e+02 
 1.62000000e-01  1.45046685e+02 
 1.63000000e-01  1.45043485e+02 
 1.64000000e-01  1.45040236e+02 
 1.65000000e-01  1.45036936e+02 
 1.66000000e-01  1.45033584e+02 
 1.67000000e-01  1.45030180e+02 
 1.68000000e-01  1.45026724e+02 
 1.69000000e-01  1.45023213e+02 
 1.70000000e-01  1.45019649e+02 
 1.71000000e-01  1.45016030e+02 
 1.72000000e-01  1.45012355e+02 
 1.73000000e-01  1.45008624e+02 
 1.74000000e-01  1.45004836e+02 
 1.75000000e-01  1.45000990e+02 
 1.76000000e-01  1.44997085e+02 
 1.77000000e-01  1.44993121e+02 
 1.78000000e-01  1.44989097e+02 
 1.79000000e-01  1.44985013e+02 
 1.80000000e-01  1.44980866e+02 
 1.81000000e-01  1.44976657e+02 
 1.82000000e-01  1.44972385e+02 
 1.83000000e-01  1.44968049e+02 
 1.84000000e-01  1.44963647e+02 
 1.85000000e-01  1.44959180e+02 
 1.86000000e-01  1.44954647e+02 
 1.87000000e-01  1.44950046e+02 
 1.88000000e-01  1.44945377e+02 
 1.89000000e-01  1.44940638e+02 
 1.90000000e-01  1.44935829e+02 
 1.91000000e-01  1.44930950e+02 
 1.92000000e-01  1.44925998e+02 
 1.93000000e-01  1.44920974e+02 
 1.94000000e-01  1.44915876e+02 
 1.95000000e-01  1.44910703e+02 
 1.96000000e-01  1.44905455e+02 
 1.97000000e-01  1.44900130e+02 
 1.98000000e-01  1.44894727e+02 
 1.99000000e-01  1.44889246e+02 
 2.00000000e-01  1.44883685e+02 
 2.01000000e-01  1.44878043e+02 
 2.02000000e-01  1.44872320e+02 
 2.03000000e-01  1.44866514e+02 
 2.04000000e-01  1.44860625e+02 
 2.05000000e-01  1.44854651e+02 
 2.06000000e-01  1.44848590e+02 
 2.07000000e-01  1.44842443e+02 
 2.08000000e-01  1.44836208e+02 
 2.09000000e-01  1.44829884e+02 
 2.10000000e-01  1.44823469e+02 
 2.11000000e-01  1.44816963e+02 
 2.12000000e-01  1.44810365e+02 
 2.13000000e-01  1.44803672e+02 
 2.14000000e-01  1.44796885e+02 
 2.15000000e-01  1.44790002e+02 
 2.16000000e-01  1.44783021e+02 
 2.17000000e-01  1.44775942e+02 
 2.18000000e-01  1.44768763e+02 
 2.19000000e-01  1.44761483e+02 
 2.20000000e-01  1.44754101e+02 
 2.21000000e-01  1.44746615e+02 
 2.22000000e-01  1.44739025e+02 
 2.23000000e-01  1.44731328e+02 
 2.24000000e-01  1.44723524e+02 
 2.25000000e-01  1.44715611e+02 
 2.26000000e-01  1.44707588e+02 
 2.27000000e-01  1.44699453e+02 
 2.28000000e-01  1.44691206e+02 
 2.29000000e-01  1.44682844e+02 
 2.30000000e-01  1.44674367e+02 
 2.31000000e-01  1.44665773e+02 
 2.32000000e-01  1.44657060e+02 
 2.33000000e-01  1.44648227e+02 
 2.34000000e-01  1.44639273e+02 
 2.35000000e-01  1.44630196e+02 
 2.36000000e-01  1.44620994e+02 
 2.37000000e-01  1.44611667e+02 
 2.38000000e-01  1.44602212e+02 
 2.39000000e-01  1.44592628e+02 
 2.40000000e-01  1.44582914e+02 
 2.41000000e-01  1.44573067e+02 
 2.42000000e-01  1.44563087e+02 
 2.43000000e-01  1.44552972e+02 
 2.44000000e-01  1.44542719e+02 
 2.45000000e-01  1.44532328e+02 
 2.46000000e-01  1.44521797e+02 
 2.47000000e-01  1.44511123e+02 
 2.48000000e-01  1.44500306e+02 
 2.49000000e-01  1.44489344e+02 
 2.50000000e-01  1.44478235e+02 
 2.51000000e-01  1.44466977e+02 
 2.52000000e-01  1.44455568e+02 
 2.53000000e-01  1.44444007e+02 
 2.54000000e-01  1.44432292e+02 
 2.55000000e-01  1.44420421e+02 
 2.56000000e-01  1.44408392e+02 
 2.57000000e-01  1.44396204e+02 
 2.58000000e-01  1.44383854e+02 
 2.59000000e-01  1.44371341e+02 
 2.60000000e-01  1.44358662e+02 
 2.61000000e-01  1.44345817e+02 
 2.62000000e-01  1.44332802e+02 
 2.63000000e-01  1.44319616e+02 
 2.64000000e-01  1.44306257e+02 
 2.65000000e-01  1.44292724e+02 
 2.66000000e-01  1.44279013e+02 
 2.67000000e-01  1.44265123e+02 
 2.68000000e-01  1.44251053e+02 
 2.69000000e-01  1.44236799e+02 
 2.70000000e-01  1.44222360e+02 
 2.71000000e-01  1.44207734e+02 
 2.72000000e-01  1.44192919e+02 
 2.73000000e-01  1.44177912e+02 
 2.74000000e-01  1.44162711e+02 
 2.75000000e-01  1.44147315e+02 
 2.76000000e-01  1.44131721e+02 
 2.77000000e-01  1.44115927e+02 
 2.78000000e-01  1.44099930e+02 
 2.79000000e-01  1.44083729e+02 
 2.80000000e-01  1.44067321e+02 
 2.81000000e-01  1.44050705e+02 
 2.82000000e-01  1.44033877e+02 
 2.83000000e-01  1.44016835e+02 
 2.84000000e-01  1.43999578e+02 
 2.85000000e-01  1.43982102e+02 
 2.86000000e-01  1.43964406e+02 
 2.87000000e-01  1.43946487e+02 
 2.88000000e-01  1.43928343e+02 
 2.89000000e-01  1.43909971e+02 
 2.90000000e-01  1.43891369e+02 
 2.91000000e-01  1.43872535e+02 
 2.92000000e-01  1.43853466e+02 
 2.93000000e-01  1.43834160e+02 
 2.94000000e-01  1.43814614e+02 
 2.95000000e-01  1.43794825e+02 
 2.96000000e-01  1.43774793e+02 
 2.97000000e-01  1.43754513e+02 
 2.98000000e-01  1.43733983e+02 
 2.99000000e-01  1.43713201e+02 
 3.00000000e-01  1.43692165e+02 
 3.01000000e-01  1.43670872e+02 
 3.02000000e-01  1.43649318e+02 
 3.03000000e-01  1.43627503e+02 
 3.04000000e-01  1.43605422e+02 
 3.05000000e-01  1.43583074e+02 
 3.06000000e-01  1.43560456e+02 
 3.07000000e-01  1.43537565e+02 
 3.08000000e-01  1.43514399e+02 
 3.09000000e-01  1.43490956e+02 
 3.10000000e-01  1.43467231e+02 
 3.11000000e-01  1.43443224e+02 
 3.12000000e-01  1.43418931e+02 
 3.13000000e-01  1.43394349e+02 
 3.14000000e-01  1.43369476e+02 
 3.15000000e-01  1.43344310e+02 
 3.16000000e-01  1.43318847e+02 
 3.17000000e-01  1.43293086e+02 
 3.18000000e-01  1.43267022e+02 
 3.19000000e-01  1.43240655e+02 
 3.20000000e-01  1.43213980e+02 
 3.21000000e-01  1.43186996e+02 
 3.22000000e-01  1.43159700e+02 
 3.23000000e-01  1.43132088e+02 
 3.24000000e-01  1.43104159e+02 
 3.25000000e-01  1.43075910e+02 
 3.26000000e-01  1.43047338e+02 
 3.27000000e-01  1.43018440e+02 
 3.28000000e-01  1.42989214e+02 
 3.29000000e-01  1.42959657e+02 
 3.30000000e-01  1.42929767e+02 
 3.31000000e-01  1.42899541e+02 
 3.32000000e-01  1.42868976e+02 
 3.33000000e-01  1.42838070e+02 
 3.34000000e-01  1.42806820e+02 
 3.35000000e-01  1.42775224e+02 
 3.36000000e-01  1.42743279e+02 
 3.37000000e-01  1.42710983e+02 
 3.38000000e-01  1.42678333e+02 
 3.39000000e-01  1.42645326e+02 
 3.40000000e-01  1.42611961e+02 
 3.41000000e-01  1.42578234e+02 
 3.42000000e-01  1.42544144e+02 
 3.43000000e-01  1.42509687e+02 
 3.44000000e-01  1.42474862e+02 
 3.45000000e-01  1.42439666e+02 
 3.46000000e-01  1.42404097e+02 
 3.47000000e-01  1.42368153e+02 
 3.48000000e-01  1.42331831e+02 
 3.49000000e-01  1.42295130e+02 
 3.50000000e-01  1.42258046e+02 
 3.51000000e-01  1.42220578e+02 
 3.52000000e-01  1.42182724e+02 
 3.53000000e-01  1.42144482e+02 
 3.54000000e-01  1.42105850e+02 
 3.55000000e-01  1.42066825e+02 
 3.56000000e-01  1.42027407e+02 
 3.57000000e-01  1.41987592e+02 
 3.58000000e-01  1.41947380e+02 
 3.59000000e-01  1.41906769e+02 
 3.60000000e-01  1.41865756e+02 
 3.61000000e-01  1.41824341e+02 
 3.62000000e-01  1.41782521e+02 
 3.63000000e-01  1.41740296e+02 
 3.64000000e-01  1.41697664e+02 
 3.65000000e-01  1.41654623e+02 
 3.66000000e-01  1.41611172e+02 
 3.67000000e-01  1.41567311e+02 
 3.68000000e-01  1.41523037e+02 
 3.69000000e-01  1.41478351e+02 
 3.70000000e-01  1.41433250e+02 
 3.71000000e-01  1.41387734e+02 
 3.72000000e-01  1.41341803e+02 
 3.73000000e-01  1.41295456e+02 
 3.74000000e-01  1.41248692e+02 
 3.75000000e-01  1.41201510e+02 
 3.76000000e-01  1.41153910e+02 
 3.77000000e-01  1.41105893e+02 
 3.78000000e-01  1.41057458e+02 
 3.79000000e-01  1.41008604e+02 
 3.80000000e-01  1.40959332e+02 
 3.81000000e-01  1.40909642e+02 
 3.82000000e-01  1.40859535e+02 
 3.83000000e-01  1.40809010e+02 
 3.84000000e-01  1.40758069e+02 
 3.85000000e-01  1.40706713e+02 
 3.86000000e-01  1.40654941e+02 
 3.87000000e-01  1.40602755e+02 
 3.88000000e-01  1.40550156e+02 
 3.89000000e-01  1.40497146e+02 
 3.90000000e-01  1.40443726e+02 
 3.91000000e-01  1.40389897e+02 
 3.92000000e-01  1.40335661e+02 
 3.93000000e-01  1.40281020e+02 
 3.94000000e-01  1.40225977e+02 
 3.95000000e-01  1.40170533e+02 
 3.96000000e-01  1.40114692e+02 
 3.97000000e-01  1.40058455e+02 
 3.98000000e-01  1.40001825e+02 
 3.99000000e-01  1.39944806e+02 
 4.00000000e-01  1.39887400e+02 
 4.01000000e-01  1.39829611e+02 
 4.02000000e-01  1.39771443e+02 
 4.03000000e-01  1.39712900e+02 
 4.04000000e-01  1.39653985e+02 
 4.05000000e-01  1.39594703e+02 
 4.06000000e-01  1.39535058e+02 
 4.07000000e-01  1.39475055e+02 
 4.08000000e-01  1.39414698e+02 
 4.09000000e-01  1.39353994e+02 
 4.10000000e-01  1.39292947e+02 
 4.11000000e-01  1.39231563e+02 
 4.12000000e-01  1.39169848e+02 
 4.13000000e-01  1.39107809e+02 
 4.14000000e-01  1.39045450e+02 
 4.15000000e-01  1.38982780e+02 
 4.16000000e-01  1.38919805e+02 
 4.17000000e-01  1.38856532e+02 
 4.18000000e-01  1.38792969e+02 
 4.19000000e-01  1.38729123e+02 
 4.20000000e-01  1.38665003e+02 
 4.21000000e-01  1.38600617e+02 
 4.22000000e-01  1.38535973e+02 
 4.23000000e-01  1.38471080e+02 
 4.24000000e-01  1.38405949e+02 
 4.25000000e-01  1.38340587e+02 
 4.26000000e-01  1.38275006e+02 
 4.27000000e-01  1.38209214e+02 
 4.28000000e-01  1.38143223e+02 
 4.29000000e-01  1.38077044e+02 
 4.30000000e-01  1.38010687e+02 
 4.31000000e-01  1.37944164e+02 
 4.32000000e-01  1.37877487e+02 
 4.33000000e-01  1.37810668e+02 
 4.34000000e-01  1.37743719e+02 
 4.35000000e-01  1.37676652e+02 
 4.36000000e-01  1.37609482e+02 
 4.37000000e-01  1.37542222e+02 
 4.38000000e-01  1.37474885e+02 
 4.39000000e-01  1.37407486e+02 
 4.40000000e-01  1.37340039e+02 
 4.41000000e-01  1.37272559e+02 
 4.42000000e-01  1.37205061e+02 
 4.43000000e-01  1.37137561e+02 
 4.44000000e-01  1.37070075e+02 
 4.45000000e-01  1.37002619e+02 
 4.46000000e-01  1.36935210e+02 
 4.47000000e-01  1.36867865e+02 
 4.48000000e-01  1.36800601e+02 
 4.49000000e-01  1.36733436e+02 
 4.50000000e-01  1.36666388e+02 
 4.51000000e-01  1.36599476e+02 
 4.52000000e-01  1.36532719e+02 
 4.53000000e-01  1.36466135e+02 
 4.54000000e-01  1.36399745e+02 
 4.55000000e-01  1.36333568e+02 
 4.56000000e-01  1.36267624e+02 
 4.57000000e-01  1.36201935e+02 
 4.58000000e-01  1.36136521e+02 
 4.59000000e-01  1.36071404e+02 
 4.60000000e-01  1.36006605e+02 
 4.61000000e-01  1.35942146e+02 
 4.62000000e-01  1.35878050e+02 
 4.63000000e-01  1.35814340e+02 
 4.64000000e-01  1.35751038e+02 
 4.65000000e-01  1.35688168e+02 
 4.66000000e-01  1.35625754e+02 
 4.67000000e-01  1.35563819e+02 
 4.68000000e-01  1.35502387e+02 
 4.69000000e-01  1.35441485e+02 
 4.70000000e-01  1.35381135e+02 
 4.71000000e-01  1.35321364e+02 
 4.72000000e-01  1.35262197e+02 
 4.73000000e-01  1.35203659e+02 
 4.74000000e-01  1.35145777e+02 
 4.75000000e-01  1.35088577e+02 
 4.76000000e-01  1.35032085e+02 
 4.77000000e-01  1.34976327e+02 
 4.78000000e-01  1.34921331e+02 
 4.79000000e-01  1.34867124e+02 
 4.80000000e-01  1.34813732e+02 
 4.81000000e-01  1.34761184e+02 
 4.82000000e-01  1.34709506e+02 
 4.83000000e-01  1.34658727e+02 
 4.84000000e-01  1.34608874e+02 
 4.85000000e-01  1.34559975e+02 
 4.86000000e-01  1.34512058e+02 
 4.87000000e-01  1.34465152e+02 
 4.88000000e-01  1.34419284e+02 
 4.89000000e-01  1.34374482e+02 
 4.90000000e-01  1.34330776e+02 
 4.91000000e-01  1.34288192e+02 
 4.92000000e-01  1.34246760e+02 
 4.93000000e-01  1.34206507e+02 
 4.94000000e-01  1.34167461e+02 
 4.95000000e-01  1.34129651e+02 
 4.96000000e-01  1.34093105e+02 
 4.97000000e-01  1.34057849e+02 
 4.98000000e-01  1.34023913e+02 
 4.99000000e-01  1.33991323e+02 
 5.00000000e-01  1.33960106e+02 
 5.01000000e-01  1.33930290e+02 
 5.02000000e-01  1.33901902e+02 
 5.03000000e-01  1.33874968e+02 
 5.04000000e-01  1.33849515e+02 
 5.05000000e-01  1.33825568e+02 
 5.06000000e-01  1.33803153e+02 
 5.07000000e-01  1.33782295e+02 
 5.08000000e-01  1.33763020e+02 
 5.09000000e-01  1.33745351e+02 
 5.10000000e-01  1.33729313e+02 
 5.11000000e-01  1.33714929e+02 
 5.12000000e-01  1.33702222e+02 
 5.13000000e-01  1.33691214e+02 
 5.14000000e-01  1.33681929e+02 
 5.15000000e-01  1.33674386e+02 
 5.16000000e-01  1.33668606e+02 
 5.17000000e-01  1.33664611e+02 
 5.18000000e-01  1.33662418e+02 
 5.19000000e-01  1.33662047e+02 
 5.20000000e-01  1.33663515e+02 
 5.21000000e-01  1.33666840e+02 
 5.22000000e-01  1.33672039e+02 
 5.23000000e-01  1.33679126e+02 
 5.24000000e-01  1.33688116e+02 
 5.25000000e-01  1.33699024e+02 
 5.26000000e-01  1.33711862e+02 
 5.27000000e-01  1.33726642e+02 
 5.28000000e-01  1.33743375e+02 
 5.29000000e-01  1.33762072e+02 
 5.30000000e-01  1.33782741e+02 
 5.31000000e-01  1.33805390e+02 
 5.32000000e-01  1.33830027e+02 
 5.33000000e-01  1.33856656e+02 
 5.34000000e-01  1.33885284e+02 
 5.35000000e-01  1.33915913e+02 
 5.36000000e-01  1.33948546e+02 
 5.37000000e-01  1.33983184e+02 
 5.38000000e-01  1.34019828e+02 
 5.39000000e-01  1.34058475e+02 
 5.40000000e-01  1.34099125e+02 
 5.41000000e-01  1.34141772e+02 
 5.42000000e-01  1.34186412e+02 
 5.43000000e-01  1.34233039e+02 
 5.44000000e-01  1.34281646e+02 
 5.45000000e-01  1.34332222e+02 
 5.46000000e-01  1.34384759e+02 
 5.47000000e-01  1.34439244e+02 
 5.48000000e-01  1.34495665e+02 
 5.49000000e-01  1.34554006e+02 
 5.50000000e-01  1.34614253e+02 
 5.51000000e-01  1.34676388e+02 
 5.52000000e-01  1.34740392e+02 
 5.53000000e-01  1.34806246e+02 
 5.54000000e-01  1.34873929e+02 
 5.55000000e-01  1.34943416e+02 
 5.56000000e-01  1.35014685e+02 
 5.57000000e-01  1.35087708e+02 
 5.58000000e-01  1.35162460e+02 
 5.59000000e-01  1.35238912e+02 
 5.60000000e-01  1.35317033e+02 
 5.61000000e-01  1.35396793e+02 
 5.62000000e-01  1.35478158e+02 
 5.63000000e-01  1.35561095e+02 
 5.64000000e-01  1.35645567e+02 
 5.65000000e-01  1.35731538e+02 
 5.66000000e-01  1.35818970e+02 
 5.67000000e-01  1.35907822e+02 
 5.68000000e-01  1.35998053e+02 
 5.69000000e-01  1.36089622e+02 
 5.70000000e-01  1.36182485e+02 
 5.71000000e-01  1.36276596e+02 
 5.72000000e-01  1.36371909e+02 
 5.73000000e-01  1.36468378e+02 
 5.74000000e-01  1.36565952e+02 
 5.75000000e-01  1.36664583e+02 
 5.76000000e-01  1.36764219e+02 
 5.77000000e-01  1.36864807e+02 
 5.78000000e-01  1.36966295e+02 
 5.79000000e-01  1.37068628e+02 
 5.80000000e-01  1.37171751e+02 
 5.81000000e-01  1.37275606e+02 
 5.82000000e-01  1.37380137e+02 
 5.83000000e-01  1.37485285e+02 
 5.84000000e-01  1.37590990e+02 
 5.85000000e-01  1.37697193e+02 
 5.86000000e-01  1.37803831e+02 
 5.87000000e-01  1.37910844e+02 
 5.88000000e-01  1.38018167e+02 
 5.89000000e-01  1.38125739e+02 
 5.90000000e-01  1.38233494e+02 
 5.91000000e-01  1.38341369e+02 
 5.92000000e-01  1.38449296e+02 
 5.93000000e-01  1.38557211e+02 
 5.94000000e-01  1.38665047e+02 
 5.95000000e-01  1.38772737e+02 
 5.96000000e-01  1.38880213e+02 
 5.97000000e-01  1.38987408e+02 
 5.98000000e-01  1.39094254e+02 
 5.99000000e-01  1.39200681e+02 
 6.00000000e-01  1.39306622e+02 
 6.01000000e-01  1.39412007e+02 
 6.02000000e-01  1.39516768e+02 
 6.03000000e-01  1.39620835e+02 
 6.04000000e-01  1.39724139e+02 
 6.05000000e-01  1.39826611e+02 
 6.06000000e-01  1.39928181e+02 
 6.07000000e-01  1.40028781e+02 
 6.08000000e-01  1.40128341e+02 
 6.09000000e-01  1.40226793e+02 
 6.10000000e-01  1.40324067e+02 
 6.11000000e-01  1.40420096e+02 
 6.12000000e-01  1.40514811e+02 
 6.13000000e-01  1.40608144e+02 
 6.14000000e-01  1.40700029e+02 
 6.15000000e-01  1.40790398e+02 
 6.16000000e-01  1.40879185e+02 
 6.17000000e-01  1.40966324e+02 
 6.18000000e-01  1.41051750e+02 
 6.19000000e-01  1.41135397e+02 
 6.20000000e-01  1.41217203e+02 
 6.21000000e-01  1.41297102e+02 
 6.22000000e-01  1.41375033e+02 
 6.23000000e-01  1.41450934e+02 
 6.24000000e-01  1.41524743e+02 
 6.25000000e-01  1.41596401e+02 
 6.26000000e-01  1.41665847e+02 
 6.27000000e-01  1.41733024e+02 
 6.28000000e-01  1.41797873e+02 
 6.29000000e-01  1.41860338e+02 
 6.30000000e-01  1.41920363e+02 
 6.31000000e-01  1.41977894e+02 
 6.32000000e-01  1.42032877e+02 
 6.33000000e-01  1.42085259e+02 
 6.34000000e-01  1.42134990e+02 
 6.35000000e-01  1.42182019e+02 
 6.36000000e-01  1.42226297e+02 
 6.37000000e-01  1.42267775e+02 
 6.38000000e-01  1.42306408e+02 
 6.39000000e-01  1.42342150e+02 
 6.40000000e-01  1.42374957e+02 
 6.41000000e-01  1.42404785e+02 
 6.42000000e-01  1.42431593e+02 
 6.43000000e-01  1.42455341e+02 
 6.44000000e-01  1.42475989e+02 
 6.45000000e-01  1.42493500e+02 
 6.46000000e-01  1.42507838e+02 
 6.47000000e-01  1.42518966e+02 
 6.48000000e-01  1.42526853e+02 
 6.49000000e-01  1.42531464e+02 
 6.50000000e-01  1.42532770e+02 
 6.51000000e-01  1.42530740e+02 
 6.52000000e-01  1.42525347e+02 
 6.53000000e-01  1.42516564e+02 
 6.54000000e-01  1.42504365e+02 
 6.55000000e-01  1.42488726e+02 
 6.56000000e-01  1.42469624e+02 
 6.57000000e-01  1.42447039e+02 
 6.58000000e-01  1.42420951e+02 
 6.59000000e-01  1.42391340e+02 
 6.60000000e-01  1.42358190e+02 
 6.61000000e-01  1.42321486e+02 
 6.62000000e-01  1.42281212e+02 
 6.63000000e-01  1.42237357e+02 
 6.64000000e-01  1.42189908e+02 
 6.65000000e-01  1.42138855e+02 
 6.66000000e-01  1.42084189e+02 
 6.67000000e-01  1.42025904e+02 
 6.68000000e-01  1.41963992e+02 
 6.69000000e-01  1.41898449e+02 
 6.70000000e-01  1.41829270e+02 
 6.71000000e-01  1.41756455e+02 
 6.72000000e-01  1.41680002e+02 
 6.73000000e-01  1.41599911e+02 
 6.74000000e-01  1.41516183e+02 
 6.75000000e-01  1.41428822e+02 
 6.76000000e-01  1.41337831e+02 
 6.77000000e-01  1.41243216e+02 
 6.78000000e-01  1.41144982e+02 
 6.79000000e-01  1.41043138e+02 
 6.80000000e-01  1.40937691e+02 
 6.81000000e-01  1.40828653e+02 
 6.82000000e-01  1.40716033e+02 
 6.83000000e-01  1.40599844e+02 
 6.84000000e-01  1.40480098e+02 
 6.85000000e-01  1.40356810e+02 
 6.86000000e-01  1.40229995e+02 
 6.87000000e-01  1.40099669e+02 
 6.88000000e-01  1.39965849e+02 
 6.89000000e-01  1.39828553e+02 
 6.90000000e-01  1.39687800e+02 
 6.91000000e-01  1.39543611e+02 
 6.92000000e-01  1.39396006e+02 
 6.93000000e-01  1.39245006e+02 
 6.94000000e-01  1.39090635e+02 
 6.95000000e-01  1.38932915e+02 
 6.96000000e-01  1.38771871e+02 
 6.97000000e-01  1.38607529e+02 
 6.98000000e-01  1.38439913e+02 
 6.99000000e-01  1.38269050e+02 
 7.00000000e-01  1.38094967e+02 
 7.01000000e-01  1.37917693e+02 
 7.02000000e-01  1.37737255e+02 
 7.03000000e-01  1.37553684e+02 
 7.04000000e-01  1.37367009e+02 
 7.05000000e-01  1.37177260e+02 
 7.06000000e-01  1.36984468e+02 
 7.07000000e-01  1.36788665e+02 
 7.08000000e-01  1.36589884e+02 
 7.09000000e-01  1.36388156e+02 
 7.10000000e-01  1.36183515e+02 
 7.11000000e-01  1.35975994e+02 
 7.12000000e-01  1.35765628e+02 
 7.13000000e-01  1.35552450e+02 
 7.14000000e-01  1.35336497e+02 
 7.15000000e-01  1.35117802e+02 
 7.16000000e-01  1.34896402e+02 
 7.17000000e-01  1.34672332e+02 
 7.18000000e-01  1.34445629e+02 
 7.19000000e-01  1.34216329e+02 
 7.20000000e-01  1.33984469e+02 
 7.21000000e-01  1.33750086e+02 
 7.22000000e-01  1.33513217e+02 
 7.23000000e-01  1.33273901e+02 
 7.24000000e-01  1.33032174e+02 
 7.25000000e-01  1.32788074e+02 
 7.26000000e-01  1.32541641e+02 
 7.27000000e-01  1.32292910e+02 
 7.28000000e-01  1.32041922e+02 
 7.29000000e-01  1.31788715e+02 
 7.30000000e-01  1.31533326e+02 
 7.31000000e-01  1.31275796e+02 
 7.32000000e-01  1.31016161e+02 
 7.33000000e-01  1.30754462e+02 
 7.34000000e-01  1.30490736e+02 
 7.35000000e-01  1.30225022e+02 
 7.36000000e-01  1.29957360e+02 
 7.37000000e-01  1.29687788e+02 
 7.38000000e-01  1.29416344e+02 
 7.39000000e-01  1.29143068e+02 
 7.40000000e-01  1.28867997e+02 
 7.41000000e-01  1.28591170e+02 
 7.42000000e-01  1.28312626e+02 
 7.43000000e-01  1.28032403e+02 
 7.44000000e-01  1.27750539e+02 
 7.45000000e-01  1.27467072e+02 
 7.46000000e-01  1.27182039e+02 
 7.47000000e-01  1.26895480e+02 
 7.48000000e-01  1.26607431e+02 
 7.49000000e-01  1.26317930e+02 
 7.50000000e-01  1.26027014e+02 
 7.51000000e-01  1.25734720e+02 
 7.52000000e-01  1.25441085e+02 
 7.53000000e-01  1.25146145e+02 
 7.54000000e-01  1.24849938e+02 
 7.55000000e-01  1.24552499e+02 
 7.56000000e-01  1.24253864e+02 
 7.57000000e-01  1.23954068e+02 
 7.58000000e-01  1.23653149e+02 
 7.59000000e-01  1.23351139e+02 
 7.60000000e-01  1.23048075e+02 
 7.61000000e-01  1.22743991e+02 
 7.62000000e-01  1.22438922e+02 
 7.63000000e-01  1.22132901e+02 
 7.64000000e-01  1.21825963e+02 
 7.65000000e-01  1.21518140e+02 
 7.66000000e-01  1.21209467e+02 
 7.67000000e-01  1.20899975e+02 
 7.68000000e-01  1.20589698e+02 
 7.69000000e-01  1.20278668e+02 
 7.70000000e-01  1.19966916e+02 
 7.71000000e-01  1.19654475e+02 
 7.72000000e-01  1.19341375e+02 
 7.73000000e-01  1.19027648e+02 
 7.74000000e-01  1.18713324e+02 
 7.75000000e-01  1.18398433e+02 
 7.76000000e-01  1.18083005e+02 
 7.77000000e-01  1.17767070e+02 
 7.78000000e-01  1.17450658e+02 
 7.79000000e-01  1.17133796e+02 
 7.80000000e-01  1.16816513e+02 
 7.81000000e-01  1.16498838e+02 
 7.82000000e-01  1.16180799e+02 
 7.83000000e-01  1.15862422e+02 
 7.84000000e-01  1.15543735e+02 
 7.85000000e-01  1.15224765e+02 
 7.86000000e-01  1.14905538e+02 
 7.87000000e-01  1.14586080e+02 
 7.88000000e-01  1.14266416e+02 
 7.89000000e-01  1.13946572e+02 
 7.90000000e-01  1.13626574e+02 
 7.91000000e-01  1.13306444e+02 
 7.92000000e-01  1.12986208e+02 
 7.93000000e-01  1.12665890e+02 
 7.94000000e-01  1.12345512e+02 
 7.95000000e-01  1.12025099e+02 
 7.96000000e-01  1.11704672e+02 
 7.97000000e-01  1.11384255e+02 
 7.98000000e-01  1.11063868e+02 
 7.99000000e-01  1.10743535e+02 
 8.00000000e-01  1.10423275e+02 
 8.01000000e-01  1.10103111e+02 
 8.02000000e-01  1.09783063e+02 
 8.03000000e-01  1.09463150e+02 
 8.04000000e-01  1.09143394e+02 
 8.05000000e-01  1.08823813e+02 
 8.06000000e-01  1.08504427e+02 
 8.07000000e-01  1.08185255e+02 
 8.08000000e-01  1.07866315e+02 
 8.09000000e-01  1.07547625e+02 
 8.10000000e-01  1.07229204e+02 
 8.11000000e-01  1.06911068e+02 
 8.12000000e-01  1.06593236e+02 
 8.13000000e-01  1.06275723e+02 
 8.14000000e-01  1.05958547e+02 
 8.15000000e-01  1.05641723e+02 
 8.16000000e-01  1.05325268e+02 
 8.17000000e-01  1.05009197e+02 
 8.18000000e-01  1.04693526e+02 
 8.19000000e-01  1.04378268e+02 
 8.20000000e-01  1.04063440e+02 
 8.21000000e-01  1.03749055e+02 
 8.22000000e-01  1.03435128e+02 
 8.23000000e-01  1.03121672e+02 
 8.24000000e-01  1.02808700e+02 
 8.25000000e-01  1.02496225e+02 
 8.26000000e-01  1.02184262e+02 
 8.27000000e-01  1.01872821e+02 
 8.28000000e-01  1.01561915e+02 
 8.29000000e-01  1.01251557e+02 
 8.30000000e-01  1.00941758e+02 
 8.31000000e-01  1.00632529e+02 
 8.32000000e-01  1.00323882e+02 
 8.33000000e-01  1.00015827e+02 
 8.34000000e-01  9.97083755e+01 
 8.35000000e-01  9.94015372e+01 
 8.36000000e-01  9.90953223e+01 
 8.37000000e-01  9.87897407e+01 
 8.38000000e-01  9.84848020e+01 
 8.39000000e-01  9.81805156e+01 
 8.40000000e-01  9.78768905e+01 
 8.41000000e-01  9.75739355e+01 
 8.42000000e-01  9.72716592e+01 
 8.43000000e-01  9.69700700e+01 
 8.44000000e-01  9.66691761e+01 
 8.45000000e-01  9.63689852e+01 
 8.46000000e-01  9.60695052e+01 
 8.47000000e-01  9.57707433e+01 
 8.48000000e-01  9.54727069e+01 
 8.49000000e-01  9.51754029e+01 
 8.50000000e-01  9.48788381e+01 
 8.51000000e-01  9.45830192e+01 
 8.52000000e-01  9.42879524e+01 
 8.53000000e-01  9.39936439e+01 
 8.54000000e-01  9.37000998e+01 
 8.55000000e-01  9.34073256e+01 
 8.56000000e-01  9.31153271e+01 
 8.57000000e-01  9.28241096e+01 
 8.58000000e-01  9.25336783e+01 
 8.59000000e-01  9.22440381e+01 
 8.60000000e-01  9.19551939e+01 
 8.61000000e-01  9.16671504e+01 
 8.62000000e-01  9.13799119e+01 
 8.63000000e-01  9.10934827e+01 
 8.64000000e-01  9.08078671e+01 
 8.65000000e-01  9.05230688e+01 
 8.66000000e-01  9.02390918e+01 
 8.67000000e-01  8.99559395e+01 
 8.68000000e-01  8.96736155e+01 
 8.69000000e-01  8.93921231e+01 
 8.70000000e-01  8.91114653e+01 
 8.71000000e-01  8.88316453e+01 
 8.72000000e-01  8.85526658e+01 
 8.73000000e-01  8.82745295e+01 
 8.74000000e-01  8.79972391e+01 
 8.75000000e-01  8.77207968e+01 
 8.76000000e-01  8.74452051e+01 
 8.77000000e-01  8.71704659e+01 
 8.78000000e-01  8.68965814e+01 
 8.79000000e-01  8.66235535e+01 
 8.80000000e-01  8.63513838e+01 
 8.81000000e-01  8.60800740e+01 
 8.82000000e-01  8.58096256e+01 
 8.83000000e-01  8.55400400e+01 
 8.84000000e-01  8.52713185e+01 
 8.85000000e-01  8.50034622e+01 
 8.86000000e-01  8.47364721e+01 
 8.87000000e-01  8.44703492e+01 
 8.88000000e-01  8.42050943e+01 
 8.89000000e-01  8.39407082e+01 
 8.90000000e-01  8.36771913e+01 
 8.91000000e-01  8.34145443e+01 
 8.92000000e-01  8.31527676e+01 
 8.93000000e-01  8.28918614e+01 
 8.94000000e-01  8.26318260e+01 
 8.95000000e-01  8.23726615e+01 
 8.96000000e-01  8.21143679e+01 
 8.97000000e-01  8.18569452e+01 
 8.98000000e-01  8.16003933e+01 
 8.99000000e-01  8.13447119e+01 
 9.00000000e-01  8.10899007e+01 
 9.01000000e-01  8.08359593e+01 
 9.02000000e-01  8.05828872e+01 
 9.03000000e-01  8.03306840e+01 
 9.04000000e-01  8.00793489e+01 
 9.05000000e-01  7.98288813e+01 
 9.06000000e-01  7.95792804e+01 
 9.07000000e-01  7.93305454e+01 
 9.08000000e-01  7.90826754e+01 
 9.09000000e-01  7.88356693e+01 
 9.10000000e-01  7.85895262e+01 
 9.11000000e-01  7.83442450e+01 
 9.12000000e-01  7.80998244e+01 
 9.13000000e-01  7.78562633e+01 
 9.14000000e-01  7.76135604e+01 
 9.15000000e-01  7.73717143e+01 
 9.16000000e-01  7.71307236e+01 
 9.17000000e-01  7.68905870e+01 
 9.18000000e-01  7.66513028e+01 
 9.19000000e-01  7.64128696e+01 
 9.20000000e-01  7.61752857e+01 
 9.21000000e-01  7.59385494e+01 
 9.22000000e-01  7.57026592e+01 
 9.23000000e-01  7.54676131e+01 
 9.24000000e-01  7.52334095e+01 
 9.25000000e-01  7.50000465e+01 
 9.26000000e-01  7.47675223e+01 
 9.27000000e-01  7.45358348e+01 
 9.28000000e-01  7.43049822e+01 
 9.29000000e-01  7.40749625e+01 
 9.30000000e-01  7.38457736e+01 
 9.31000000e-01  7.36174134e+01 
 9.32000000e-01  7.33898800e+01 
 9.33000000e-01  7.31631710e+01 
 9.34000000e-01  7.29372844e+01 
 9.35000000e-01  7.27122180e+01 
 9.36000000e-01  7.24879694e+01 
 9.37000000e-01  7.22645366e+01 
 9.38000000e-01  7.20419171e+01 
 9.39000000e-01  7.18201086e+01 
 9.40000000e-01  7.15991089e+01 
 9.41000000e-01  7.13789155e+01 
 9.42000000e-01  7.11595261e+01 
 9.43000000e-01  7.09409382e+01 
 9.44000000e-01  7.07231494e+01 
 9.45000000e-01  7.05061573e+01 
 9.46000000e-01  7.02899593e+01 
 9.47000000e-01  7.00745529e+01 
 9.48000000e-01  6.98599356e+01 
 9.49000000e-01  6.96461050e+01 
 9.50000000e-01  6.94330583e+01 
 9.51000000e-01  6.92207931e+01 
 9.52000000e-01  6.90093067e+01 
 9.53000000e-01  6.87985966e+01 
 9.54000000e-01  6.85886601e+01 
 9.55000000e-01  6.83794946e+01 
 9.56000000e-01  6.81710974e+01 
 9.57000000e-01  6.79634659e+01 
 9.58000000e-01  6.77565973e+01 
 9.59000000e-01  6.75504891e+01 
 9.60000000e-01  6.73451385e+01 
 9.61000000e-01  6.71405427e+01 
 9.62000000e-01  6.69366991e+01 
 9.63000000e-01  6.67336050e+01 
 9.64000000e-01  6.65312576e+01 
 9.65000000e-01  6.63296541e+01 
 9.66000000e-01  6.61287919e+01 
 9.67000000e-01  6.59286681e+01 
 9.68000000e-01  6.57292800e+01 
 9.69000000e-01  6.55306248e+01 
 9.70000000e-01  6.53326997e+01 
 9.71000000e-01  6.51355021e+01 
 9.72000000e-01  6.49390290e+01 
 9.73000000e-01  6.47432777e+01 
 9.74000000e-01  6.45482454e+01 
 9.75000000e-01  6.43539293e+01 
 9.76000000e-01  6.41603266e+01 
 9.77000000e-01  6.39674345e+01 
 9.78000000e-01  6.37752502e+01 
 9.79000000e-01  6.35837709e+01 
 9.80000000e-01  6.33929939e+01 
 9.81000000e-01  6.32029162e+01 
 9.82000000e-01  6.30135351e+01 
 9.83000000e-01  6.28248479e+01 
 9.84000000e-01  6.26368516e+01 
 9.85000000e-01  6.24495435e+01 
 9.86000000e-01  6.22629207e+01 
 9.87000000e-01  6.20769806e+01 
 9.88000000e-01  6.18917203e+01 
 9.89000000e-01  6.17071369e+01 
 9.90000000e-01  6.15232278e+01 
 9.91000000e-01  6.13399901e+01 
 9.92000000e-01  6.11574210e+01 
 9.93000000e-01  6.09755178e+01 
 9.94000000e-01  6.07942776e+01 
 9.95000000e-01  6.06136978e+01 
 9.96000000e-01  6.04337754e+01 
 9.97000000e-01  6.02545079e+01 
 9.98000000e-01  6.00758923e+01 
 9.99000000e-01  5.98979260e+01 
 1.00000000e+00  5.97206061e+01 
