 0.00000000e+00  9.32627897e-14 
 1.00000000e-03  9.57207135e-14 
 2.00000000e-03  9.82434123e-14 
 3.00000000e-03  1.00832593e-13 
 4.00000000e-03  1.03490008e-13 
 5.00000000e-03  1.06217454e-13 
 6.00000000e-03  1.09016778e-13 
 7.00000000e-03  1.11889873e-13 
 8.00000000e-03  1.14838683e-13 
 9.00000000e-03  1.17865204e-13 
 1.00000000e-02  1.20971483e-13 
 1.10000000e-02  1.24159622e-13 
 1.20000000e-02  1.27431778e-13 
 1.30000000e-02  1.30790165e-13 
 1.40000000e-02  1.34237056e-13 
 1.50000000e-02  1.37774781e-13 
 1.60000000e-02  1.41405736e-13 
 1.70000000e-02  1.45132376e-13 
 1.80000000e-02  1.48957223e-13 
 1.90000000e-02  1.52882865e-13 
 2.00000000e-02  1.56911957e-13 
 2.10000000e-02  1.61047226e-13 
 2.20000000e-02  1.65291470e-13 
 2.30000000e-02  1.69647559e-13 
 2.40000000e-02  1.74118441e-13 
 2.50000000e-02  1.78707141e-13 
 2.60000000e-02  1.83416762e-13 
 2.70000000e-02  1.88250493e-13 
 2.80000000e-02  1.93211601e-13 
 2.90000000e-02  1.98303445e-13 
 3.00000000e-02  2.03529469e-13 
 3.10000000e-02  2.08893207e-13 
 3.20000000e-02  2.14398290e-13 
 3.30000000e-02  2.20048440e-13 
 3.40000000e-02  2.25847481e-13 
 3.50000000e-02  2.31799336e-13 
 3.60000000e-02  2.37908031e-13 
 3.70000000e-02  2.44177698e-13 
 3.80000000e-02  2.50612579e-13 
 3.90000000e-02  2.57217027e-13 
 4.00000000e-02  2.63995509e-13 
 4.10000000e-02  2.70952612e-13 
 4.20000000e-02  2.78093041e-13 
 4.30000000e-02  2.85421627e-13 
 4.40000000e-02  2.92943328e-13 
 4.50000000e-02  3.00663230e-13 
 4.60000000e-02  3.08586557e-13 
 4.70000000e-02  3.16718668e-13 
 4.80000000e-02  3.25065064e-13 
 4.90000000e-02  3.33631390e-13 
 5.00000000e-02  3.42423442e-13 
 5.10000000e-02  3.51447166e-13 
 5.20000000e-02  3.60708666e-13 
 5.30000000e-02  3.70214207e-13 
 5.40000000e-02  3.79970217e-13 
 5.50000000e-02  3.89983298e-13 
 5.60000000e-02  4.00260220e-13 
 5.70000000e-02  4.10807935e-13 
 5.80000000e-02  4.21633577e-13 
 5.90000000e-02  4.32744469e-13 
 6.00000000e-02  4.44148125e-13 
 6.10000000e-02  4.55852259e-13 
 6.20000000e-02  4.67864786e-13 
 6.30000000e-02  4.80193832e-13 
 6.40000000e-02  4.92847734e-13 
 6.50000000e-02  5.05835051e-13 
 6.60000000e-02  5.19164568e-13 
 6.70000000e-02  5.32845297e-13 
 6.80000000e-02  5.46886493e-13 
 6.90000000e-02  5.61297651e-13 
 7.00000000e-02  5.76088518e-13 
 7.10000000e-02  5.91269096e-13 
 7.20000000e-02  6.06849652e-13 
 7.30000000e-02  6.22840722e-13 
 7.40000000e-02  6.39253120e-13 
 7.50000000e-02  6.56097947e-13 
 7.60000000e-02  6.73386592e-13 
 7.70000000e-02  6.91130748e-13 
 7.80000000e-02  7.09342413e-13 
 7.90000000e-02  7.28033903e-13 
 8.00000000e-02  7.47217857e-13 
 8.10000000e-02  7.66907248e-13 
 8.20000000e-02  7.87115390e-13 
 8.30000000e-02  8.07855946e-13 
 8.40000000e-02  8.29142943e-13 
 8.50000000e-02  8.50990773e-13 
 8.60000000e-02  8.73414209e-13 
 8.70000000e-02  8.96428412e-13 
 8.80000000e-02  9.20048945e-13 
 8.90000000e-02  9.44291777e-13 
 9.00000000e-02  9.69173301e-13 
 9.10000000e-02  9.94710338e-13 
 9.20000000e-02  1.02092015e-12 
 9.30000000e-02  1.04782047e-12 
 9.40000000e-02  1.07542947e-12 
 9.50000000e-02  1.10376583e-12 
 9.60000000e-02  1.13284870e-12 
 9.70000000e-02  1.16269774e-12 
 9.80000000e-02  1.19333313e-12 
 9.90000000e-02  1.22477558e-12 
 1.00000000e-01  1.25704635e-12 
 1.01000000e-01  1.29016726e-12 
 1.02000000e-01  1.32416069e-12 
 1.03000000e-01  1.35904962e-12 
 1.04000000e-01  1.39485764e-12 
 1.05000000e-01  1.43160895e-12 
 1.06000000e-01  1.46932839e-12 
 1.07000000e-01  1.50804147e-12 
 1.08000000e-01  1.54777435e-12 
 1.09000000e-01  1.58855388e-12 
 1.10000000e-01  1.63040763e-12 
 1.11000000e-01  1.67336388e-12 
 1.12000000e-01  1.71745168e-12 
 1.13000000e-01  1.76270082e-12 
 1.14000000e-01  1.80914188e-12 
 1.15000000e-01  1.85680624e-12 
 1.16000000e-01  1.90572613e-12 
 1.17000000e-01  1.95593460e-12 
 1.18000000e-01  2.00746558e-12 
 1.19000000e-01  2.06035391e-12 
 1.20000000e-01  2.11463531e-12 
 1.21000000e-01  2.17034647e-12 
 1.22000000e-01  2.22752504e-12 
 1.23000000e-01  2.28620965e-12 
 1.24000000e-01  2.34643996e-12 
 1.25000000e-01  2.40825667e-12 
 1.26000000e-01  2.47170155e-12 
 1.27000000e-01  2.53681746e-12 
 1.28000000e-01  2.60364841e-12 
 1.29000000e-01  2.67223953e-12 
 1.30000000e-01  2.74263719e-12 
 1.31000000e-01  2.81488894e-12 
 1.32000000e-01  2.88904359e-12 
 1.33000000e-01  2.96515124e-12 
 1.34000000e-01  3.04326330e-12 
 1.35000000e-01  3.12343255e-12 
 1.36000000e-01  3.20571314e-12 
 1.37000000e-01  3.29016065e-12 
 1.38000000e-01  3.37683213e-12 
 1.39000000e-01  3.46578612e-12 
 1.40000000e-01  3.55708271e-12 
 1.41000000e-01  3.65078355e-12 
 1.42000000e-01  3.74695195e-12 
 1.43000000e-01  3.84565285e-12 
 1.44000000e-01  3.94695291e-12 
 1.45000000e-01  4.05092055e-12 
 1.46000000e-01  4.15762599e-12 
 1.47000000e-01  4.26714127e-12 
 1.48000000e-01  4.37954037e-12 
 1.49000000e-01  4.49489918e-12 
 1.50000000e-01  4.61329559e-12 
 1.51000000e-01  4.73480956e-12 
 1.52000000e-01  4.85952314e-12 
 1.53000000e-01  4.98752053e-12 
 1.54000000e-01  5.11888815e-12 
 1.55000000e-01  5.25371470e-12 
 1.56000000e-01  5.39209121e-12 
 1.57000000e-01  5.53411109e-12 
 1.58000000e-01  5.67987022e-12 
 1.59000000e-01  5.82946699e-12 
 1.60000000e-01  5.98300240e-12 
 1.61000000e-01  6.14058009e-12 
 1.62000000e-01  6.30230641e-12 
 1.63000000e-01  6.46829053e-12 
 1.64000000e-01  6.63864448e-12 
 1.65000000e-01  6.81348323e-12 
 1.66000000e-01  6.99292479e-12 
 1.67000000e-01  7.17709025e-12 
 1.68000000e-01  7.36610390e-12 
 1.69000000e-01  7.56009329e-12 
 1.70000000e-01  7.75918932e-12 
 1.71000000e-01  7.96352633e-12 
 1.72000000e-01  8.17324221e-12 
 1.73000000e-01  8.38847844e-12 
 1.74000000e-01  8.60938024e-12 
 1.75000000e-01  8.83609666e-12 
 1.76000000e-01  9.06878063e-12 
 1.77000000e-01  9.30758912e-12 
 1.78000000e-01  9.55268323e-12 
 1.79000000e-01  9.80422829e-12 
 1.80000000e-01  1.00623940e-11 
 1.81000000e-01  1.03273544e-11 
 1.82000000e-01  1.05992882e-11 
 1.83000000e-01  1.08783789e-11 
 1.84000000e-01  1.11648146e-11 
 1.85000000e-01  1.14587886e-11 
 1.86000000e-01  1.17604990e-11 
 1.87000000e-01  1.20701493e-11 
 1.88000000e-01  1.23879482e-11 
 1.89000000e-01  1.27141101e-11 
 1.90000000e-01  1.30488548e-11 
 1.91000000e-01  1.33924080e-11 
 1.92000000e-01  1.37450013e-11 
 1.93000000e-01  1.41068723e-11 
 1.94000000e-01  1.44782651e-11 
 1.95000000e-01  1.48594298e-11 
 1.96000000e-01  1.52506234e-11 
 1.97000000e-01  1.56521096e-11 
 1.98000000e-01  1.60641588e-11 
 1.99000000e-01  1.64870488e-11 
 2.00000000e-01  1.69210645e-11 
 2.01000000e-01  1.73664983e-11 
 2.02000000e-01  1.78236504e-11 
 2.03000000e-01  1.82928286e-11 
 2.04000000e-01  1.87743492e-11 
 2.05000000e-01  1.92685363e-11 
 2.06000000e-01  1.97757230e-11 
 2.07000000e-01  2.02962508e-11 
 2.08000000e-01  2.08304703e-11 
 2.09000000e-01  2.13787412e-11 
 2.10000000e-01  2.19414327e-11 
 2.11000000e-01  2.25189238e-11 
 2.12000000e-01  2.31116032e-11 
 2.13000000e-01  2.37198700e-11 
 2.14000000e-01  2.43441337e-11 
 2.15000000e-01  2.49848145e-11 
 2.16000000e-01  2.56423436e-11 
 2.17000000e-01  2.63171637e-11 
 2.18000000e-01  2.70097288e-11 
 2.19000000e-01  2.77205051e-11 
 2.20000000e-01  2.84499708e-11 
 2.21000000e-01  2.91986169e-11 
 2.22000000e-01  2.99669469e-11 
 2.23000000e-01  3.07554777e-11 
 2.24000000e-01  3.15647400e-11 
 2.25000000e-01  3.23952778e-11 
 2.26000000e-01  3.32476500e-11 
 2.27000000e-01  3.41224298e-11 
 2.28000000e-01  3.50202054e-11 
 2.29000000e-01  3.59415805e-11 
 2.30000000e-01  3.68871746e-11 
 2.31000000e-01  3.78576235e-11 
 2.32000000e-01  3.88535796e-11 
 2.33000000e-01  3.98757123e-11 
 2.34000000e-01  4.09247087e-11 
 2.35000000e-01  4.20012737e-11 
 2.36000000e-01  4.31061308e-11 
 2.37000000e-01  4.42400224e-11 
 2.38000000e-01  4.54037104e-11 
 2.39000000e-01  4.65979765e-11 
 2.40000000e-01  4.78236230e-11 
 2.41000000e-01  4.90814732e-11 
 2.42000000e-01  5.03723718e-11 
 2.43000000e-01  5.16971858e-11 
 2.44000000e-01  5.30568047e-11 
 2.45000000e-01  5.44521415e-11 
 2.46000000e-01  5.58841327e-11 
 2.47000000e-01  5.73537398e-11 
 2.48000000e-01  5.88619492e-11 
 2.49000000e-01  6.04097729e-11 
 2.50000000e-01  6.19982497e-11 
 2.51000000e-01  6.36284454e-11 
 2.52000000e-01  6.53014537e-11 
 2.53000000e-01  6.70183969e-11 
 2.54000000e-01  6.87804265e-11 
 2.55000000e-01  7.05887245e-11 
 2.56000000e-01  7.24445033e-11 
 2.57000000e-01  7.43490073e-11 
 2.58000000e-01  7.63035132e-11 
 2.59000000e-01  7.83093313e-11 
 2.60000000e-01  8.03678059e-11 
 2.61000000e-01  8.24803166e-11 
 2.62000000e-01  8.46482790e-11 
 2.63000000e-01  8.68731454e-11 
 2.64000000e-01  8.91564065e-11 
 2.65000000e-01  9.14995914e-11 
 2.66000000e-01  9.39042696e-11 
 2.67000000e-01  9.63720512e-11 
 2.68000000e-01  9.89045886e-11 
 2.69000000e-01  1.01503577e-10 
 2.70000000e-01  1.04170756e-10 
 2.71000000e-01  1.06907911e-10 
 2.72000000e-01  1.09716873e-10 
 2.73000000e-01  1.12599522e-10 
 2.74000000e-01  1.15557785e-10 
 2.75000000e-01  1.18593642e-10 
 2.76000000e-01  1.21709123e-10 
 2.77000000e-01  1.24906311e-10 
 2.78000000e-01  1.28187343e-10 
 2.79000000e-01  1.31554412e-10 
 2.80000000e-01  1.35009769e-10 
 2.81000000e-01  1.38555722e-10 
 2.82000000e-01  1.42194641e-10 
 2.83000000e-01  1.45928956e-10 
 2.84000000e-01  1.49761161e-10 
 2.85000000e-01  1.53693816e-10 
 2.86000000e-01  1.57729545e-10 
 2.87000000e-01  1.61871042e-10 
 2.88000000e-01  1.66121072e-10 
 2.89000000e-01  1.70482471e-10 
 2.90000000e-01  1.74958147e-10 
 2.91000000e-01  1.79551087e-10 
 2.92000000e-01  1.84264353e-10 
 2.93000000e-01  1.89101088e-10 
 2.94000000e-01  1.94064517e-10 
 2.95000000e-01  1.99157947e-10 
 2.96000000e-01  2.04384772e-10 
 2.97000000e-01  2.09748475e-10 
 2.98000000e-01  2.15252628e-10 
 2.99000000e-01  2.20900897e-10 
 3.00000000e-01  2.26697042e-10 
 3.01000000e-01  2.32644923e-10 
 3.02000000e-01  2.38748496e-10 
 3.03000000e-01  2.45011824e-10 
 3.04000000e-01  2.51439073e-10 
 3.05000000e-01  2.58034517e-10 
 3.06000000e-01  2.64802543e-10 
 3.07000000e-01  2.71747648e-10 
 3.08000000e-01  2.78874450e-10 
 3.09000000e-01  2.86187683e-10 
 3.10000000e-01  2.93692206e-10 
 3.11000000e-01  3.01393002e-10 
 3.12000000e-01  3.09295186e-10 
 3.13000000e-01  3.17404001e-10 
 3.14000000e-01  3.25724831e-10 
 3.15000000e-01  3.34263194e-10 
 3.16000000e-01  3.43024755e-10 
 3.17000000e-01  3.52015324e-10 
 3.18000000e-01  3.61240861e-10 
 3.19000000e-01  3.70707481e-10 
 3.20000000e-01  3.80421455e-10 
 3.21000000e-01  3.90389219e-10 
 3.22000000e-01  4.00617372e-10 
 3.23000000e-01  4.11112688e-10 
 3.24000000e-01  4.21882111e-10 
 3.25000000e-01  4.32932767e-10 
 3.26000000e-01  4.44271966e-10 
 3.27000000e-01  4.55907205e-10 
 3.28000000e-01  4.67846177e-10 
 3.29000000e-01  4.80096772e-10 
 3.30000000e-01  4.92667081e-10 
 3.31000000e-01  5.05565408e-10 
 3.32000000e-01  5.18800268e-10 
 3.33000000e-01  5.32380397e-10 
 3.34000000e-01  5.46314754e-10 
 3.35000000e-01  5.60612530e-10 
 3.36000000e-01  5.75283153e-10 
 3.37000000e-01  5.90336292e-10 
 3.38000000e-01  6.05781866e-10 
 3.39000000e-01  6.21630050e-10 
 3.40000000e-01  6.37891277e-10 
 3.41000000e-01  6.54576251e-10 
 3.42000000e-01  6.71695951e-10 
 3.43000000e-01  6.89261637e-10 
 3.44000000e-01  7.07284857e-10 
 3.45000000e-01  7.25777458e-10 
 3.46000000e-01  7.44751589e-10 
 3.47000000e-01  7.64219710e-10 
 3.48000000e-01  7.84194603e-10 
 3.49000000e-01  8.04689375e-10 
 3.50000000e-01  8.25717469e-10 
 3.51000000e-01  8.47292674e-10 
 3.52000000e-01  8.69429131e-10 
 3.53000000e-01  8.92141341e-10 
 3.54000000e-01  9.15444179e-10 
 3.55000000e-01  9.39352899e-10 
 3.56000000e-01  9.63883144e-10 
 3.57000000e-01  9.89050957e-10 
 3.58000000e-01  1.01487279e-09 
 3.59000000e-01  1.04136552e-09 
 3.60000000e-01  1.06854645e-09 
 3.61000000e-01  1.09643332e-09 
 3.62000000e-01  1.12504432e-09 
 3.63000000e-01  1.15439813e-09 
 3.64000000e-01  1.18451388e-09 
 3.65000000e-01  1.21541118e-09 
 3.66000000e-01  1.24711017e-09 
 3.67000000e-01  1.27963147e-09 
 3.68000000e-01  1.31299626e-09 
 3.69000000e-01  1.34722621e-09 
 3.70000000e-01  1.38234358e-09 
 3.71000000e-01  1.41837119e-09 
 3.72000000e-01  1.45533243e-09 
 3.73000000e-01  1.49325127e-09 
 3.74000000e-01  1.53215232e-09 
 3.75000000e-01  1.57206079e-09 
 3.76000000e-01  1.61300253e-09 
 3.77000000e-01  1.65500406e-09 
 3.78000000e-01  1.69809255e-09 
 3.79000000e-01  1.74229587e-09 
 3.80000000e-01  1.78764260e-09 
 3.81000000e-01  1.83416202e-09 
 3.82000000e-01  1.88188417e-09 
 3.83000000e-01  1.93083983e-09 
 3.84000000e-01  1.98106059e-09 
 3.85000000e-01  2.03257879e-09 
 3.86000000e-01  2.08542761e-09 
 3.87000000e-01  2.13964107e-09 
 3.88000000e-01  2.19525404e-09 
 3.89000000e-01  2.25230225e-09 
 3.90000000e-01  2.31082236e-09 
 3.91000000e-01  2.37085193e-09 
 3.92000000e-01  2.43242945e-09 
 3.93000000e-01  2.49559441e-09 
 3.94000000e-01  2.56038726e-09 
 3.95000000e-01  2.62684948e-09 
 3.96000000e-01  2.69502357e-09 
 3.97000000e-01  2.76495312e-09 
 3.98000000e-01  2.83668279e-09 
 3.99000000e-01  2.91025835e-09 
 4.00000000e-01  2.98572674e-09 
 4.01000000e-01  3.06313604e-09 
 4.02000000e-01  3.14253555e-09 
 4.03000000e-01  3.22397579e-09 
 4.04000000e-01  3.30750853e-09 
 4.05000000e-01  3.39318683e-09 
 4.06000000e-01  3.48106510e-09 
 4.07000000e-01  3.57119905e-09 
 4.08000000e-01  3.66364580e-09 
 4.09000000e-01  3.75846389e-09 
 4.10000000e-01  3.85571331e-09 
 4.11000000e-01  3.95545552e-09 
 4.12000000e-01  4.05775351e-09 
 4.13000000e-01  4.16267183e-09 
 4.14000000e-01  4.27027662e-09 
 4.15000000e-01  4.38063565e-09 
 4.16000000e-01  4.49381836e-09 
 4.17000000e-01  4.60989591e-09 
 4.18000000e-01  4.72894120e-09 
 4.19000000e-01  4.85102894e-09 
 4.20000000e-01  4.97623564e-09 
 4.21000000e-01  5.10463973e-09 
 4.22000000e-01  5.23632154e-09 
 4.23000000e-01  5.37136337e-09 
 4.24000000e-01  5.50984954e-09 
 4.25000000e-01  5.65186642e-09 
 4.26000000e-01  5.79750251e-09 
 4.27000000e-01  5.94684845e-09 
 4.28000000e-01  6.09999709e-09 
 4.29000000e-01  6.25704357e-09 
 4.30000000e-01  6.41808532e-09 
 4.31000000e-01  6.58322213e-09 
 4.32000000e-01  6.75255624e-09 
 4.33000000e-01  6.92619234e-09 
 4.34000000e-01  7.10423769e-09 
 4.35000000e-01  7.28680212e-09 
 4.36000000e-01  7.47399813e-09 
 4.37000000e-01  7.66594092e-09 
 4.38000000e-01  7.86274849e-09 
 4.39000000e-01  8.06454167e-09 
 4.40000000e-01  8.27144421e-09 
 4.41000000e-01  8.48358281e-09 
 4.42000000e-01  8.70108725e-09 
 4.43000000e-01  8.92409038e-09 
 4.44000000e-01  9.15272827e-09 
 4.45000000e-01  9.38714023e-09 
 4.46000000e-01  9.62746888e-09 
 4.47000000e-01  9.87386029e-09 
 4.48000000e-01  1.01264640e-08 
 4.49000000e-01  1.03854330e-08 
 4.50000000e-01  1.06509241e-08 
 4.51000000e-01  1.09230977e-08 
 4.52000000e-01  1.12021180e-08 
 4.53000000e-01  1.14881533e-08 
 4.54000000e-01  1.17813756e-08 
 4.55000000e-01  1.20819611e-08 
 4.56000000e-01  1.23900900e-08 
 4.57000000e-01  1.27059471e-08 
 4.58000000e-01  1.30297212e-08 
 4.59000000e-01  1.33616056e-08 
 4.60000000e-01  1.37017983e-08 
 4.61000000e-01  1.40505017e-08 
 4.62000000e-01  1.44079231e-08 
 4.63000000e-01  1.47742746e-08 
 4.64000000e-01  1.51497733e-08 
 4.65000000e-01  1.55346411e-08 
 4.66000000e-01  1.59291053e-08 
 4.67000000e-01  1.63333985e-08 
 4.68000000e-01  1.67477585e-08 
 4.69000000e-01  1.71724287e-08 
 4.70000000e-01  1.76076580e-08 
 4.71000000e-01  1.80537014e-08 
 4.72000000e-01  1.85108192e-08 
 4.73000000e-01  1.89792782e-08 
 4.74000000e-01  1.94593509e-08 
 4.75000000e-01  1.99513164e-08 
 4.76000000e-01  2.04554599e-08 
 4.77000000e-01  2.09720732e-08 
 4.78000000e-01  2.15014548e-08 
 4.79000000e-01  2.20439098e-08 
 4.80000000e-01  2.25997503e-08 
 4.81000000e-01  2.31692957e-08 
 4.82000000e-01  2.37528722e-08 
 4.83000000e-01  2.43508137e-08 
 4.84000000e-01  2.49634613e-08 
 4.85000000e-01  2.55911641e-08 
 4.86000000e-01  2.62342786e-08 
 4.87000000e-01  2.68931698e-08 
 4.88000000e-01  2.75682103e-08 
 4.89000000e-01  2.82597813e-08 
 4.90000000e-01  2.89682725e-08 
 4.91000000e-01  2.96940821e-08 
 4.92000000e-01  3.04376171e-08 
 4.93000000e-01  3.11992935e-08 
 4.94000000e-01  3.19795367e-08 
 4.95000000e-01  3.27787810e-08 
 4.96000000e-01  3.35974707e-08 
 4.97000000e-01  3.44360593e-08 
 4.98000000e-01  3.52950107e-08 
 4.99000000e-01  3.61747985e-08 
 5.00000000e-01  3.70759068e-08 
 5.01000000e-01  3.79988302e-08 
 5.02000000e-01  3.89440738e-08 
 5.03000000e-01  3.99121538e-08 
 5.04000000e-01  4.09035974e-08 
 5.05000000e-01  4.19189430e-08 
 5.06000000e-01  4.29587407e-08 
 5.07000000e-01  4.40235523e-08 
 5.08000000e-01  4.51139514e-08 
 5.09000000e-01  4.62305239e-08 
 5.10000000e-01  4.73738682e-08 
 5.11000000e-01  4.85445950e-08 
 5.12000000e-01  4.97433283e-08 
 5.13000000e-01  5.09707047e-08 
 5.14000000e-01  5.22273746e-08 
 5.15000000e-01  5.35140016e-08 
 5.16000000e-01  5.48312633e-08 
 5.17000000e-01  5.61798513e-08 
 5.18000000e-01  5.75604715e-08 
 5.19000000e-01  5.89738444e-08 
 5.20000000e-01  6.04207053e-08 
 5.21000000e-01  6.19018045e-08 
 5.22000000e-01  6.34179078e-08 
 5.23000000e-01  6.49697963e-08 
 5.24000000e-01  6.65582673e-08 
 5.25000000e-01  6.81841340e-08 
 5.26000000e-01  6.98482261e-08 
 5.27000000e-01  7.15513900e-08 
 5.28000000e-01  7.32944889e-08 
 5.29000000e-01  7.50784035e-08 
 5.30000000e-01  7.69040318e-08 
 5.31000000e-01  7.87722898e-08 
 5.32000000e-01  8.06841114e-08 
 5.33000000e-01  8.26404490e-08 
 5.34000000e-01  8.46422737e-08 
 5.35000000e-01  8.66905756e-08 
 5.36000000e-01  8.87863641e-08 
 5.37000000e-01  9.09306681e-08 
 5.38000000e-01  9.31245365e-08 
 5.39000000e-01  9.53690383e-08 
 5.40000000e-01  9.76652632e-08 
 5.41000000e-01  1.00014322e-07 
 5.42000000e-01  1.02417345e-07 
 5.43000000e-01  1.04875486e-07 
 5.44000000e-01  1.07389920e-07 
 5.45000000e-01  1.09961844e-07 
 5.46000000e-01  1.12592477e-07 
 5.47000000e-01  1.15283061e-07 
 5.48000000e-01  1.18034862e-07 
 5.49000000e-01  1.20849167e-07 
 5.50000000e-01  1.23727290e-07 
 5.51000000e-01  1.26670567e-07 
 5.52000000e-01  1.29680358e-07 
 5.53000000e-01  1.32758049e-07 
 5.54000000e-01  1.35905051e-07 
 5.55000000e-01  1.39122800e-07 
 5.56000000e-01  1.42412758e-07 
 5.57000000e-01  1.45776413e-07 
 5.58000000e-01  1.49215278e-07 
 5.59000000e-01  1.52730897e-07 
 5.60000000e-01  1.56324836e-07 
 5.61000000e-01  1.59998691e-07 
 5.62000000e-01  1.63754088e-07 
 5.63000000e-01  1.67592676e-07 
 5.64000000e-01  1.71516137e-07 
 5.65000000e-01  1.75526180e-07 
 5.66000000e-01  1.79624543e-07 
 5.67000000e-01  1.83812995e-07 
 5.68000000e-01  1.88093333e-07 
 5.69000000e-01  1.92467386e-07 
 5.70000000e-01  1.96937012e-07 
 5.71000000e-01  2.01504102e-07 
 5.72000000e-01  2.06170577e-07 
 5.73000000e-01  2.10938389e-07 
 5.74000000e-01  2.15809522e-07 
 5.75000000e-01  2.20785995e-07 
 5.76000000e-01  2.25869857e-07 
 5.77000000e-01  2.31063191e-07 
 5.78000000e-01  2.36368113e-07 
 5.79000000e-01  2.41786772e-07 
 5.80000000e-01  2.47321353e-07 
 5.81000000e-01  2.52974075e-07 
 5.82000000e-01  2.58747189e-07 
 5.83000000e-01  2.64642984e-07 
 5.84000000e-01  2.70663784e-07 
 5.85000000e-01  2.76811947e-07 
 5.86000000e-01  2.83089869e-07 
 5.87000000e-01  2.89499981e-07 
 5.88000000e-01  2.96044751e-07 
 5.89000000e-01  3.02726684e-07 
 5.90000000e-01  3.09548323e-07 
 5.91000000e-01  3.16512247e-07 
 5.92000000e-01  3.23621075e-07 
 5.93000000e-01  3.30877462e-07 
 5.94000000e-01  3.38284102e-07 
 5.95000000e-01  3.45843730e-07 
 5.96000000e-01  3.53559117e-07 
 5.97000000e-01  3.61433075e-07 
 5.98000000e-01  3.69468455e-07 
 5.99000000e-01  3.77668149e-07 
 6.00000000e-01  3.86035089e-07 
 6.01000000e-01  3.94572245e-07 
 6.02000000e-01  4.03282631e-07 
 6.03000000e-01  4.12169301e-07 
 6.04000000e-01  4.21235348e-07 
 6.05000000e-01  4.30483910e-07 
 6.06000000e-01  4.39918164e-07 
 6.07000000e-01  4.49541330e-07 
 6.08000000e-01  4.59356671e-07 
 6.09000000e-01  4.69367491e-07 
 6.10000000e-01  4.79577136e-07 
 6.11000000e-01  4.89988997e-07 
 6.12000000e-01  5.00606507e-07 
 6.13000000e-01  5.11433141e-07 
 6.14000000e-01  5.22472420e-07 
 6.15000000e-01  5.33727906e-07 
 6.16000000e-01  5.45203206e-07 
 6.17000000e-01  5.56901972e-07 
 6.18000000e-01  5.68827896e-07 
 6.19000000e-01  5.80984720e-07 
 6.20000000e-01  5.93376226e-07 
 6.21000000e-01  6.06006243e-07 
 6.22000000e-01  6.18878642e-07 
 6.23000000e-01  6.31997342e-07 
 6.24000000e-01  6.45366304e-07 
 6.25000000e-01  6.58989537e-07 
 6.26000000e-01  6.72871092e-07 
 6.27000000e-01  6.87015066e-07 
 6.28000000e-01  7.01425604e-07 
 6.29000000e-01  7.16106892e-07 
 6.30000000e-01  7.31063165e-07 
 6.31000000e-01  7.46298701e-07 
 6.32000000e-01  7.61817825e-07 
 6.33000000e-01  7.77624907e-07 
 6.34000000e-01  7.93724362e-07 
 6.35000000e-01  8.10120653e-07 
 6.36000000e-01  8.26818284e-07 
 6.37000000e-01  8.43821810e-07 
 6.38000000e-01  8.61135827e-07 
 6.39000000e-01  8.78764979e-07 
 6.40000000e-01  8.96713956e-07 
 6.41000000e-01  9.14987491e-07 
 6.42000000e-01  9.33590364e-07 
 6.43000000e-01  9.52527402e-07 
 6.44000000e-01  9.71803474e-07 
 6.45000000e-01  9.91423497e-07 
 6.46000000e-01  1.01139243e-06 
 6.47000000e-01  1.03171528e-06 
 6.48000000e-01  1.05239710e-06 
 6.49000000e-01  1.07344299e-06 
 6.50000000e-01  1.09485808e-06 
 6.51000000e-01  1.11664755e-06 
 6.52000000e-01  1.13881665e-06 
 6.53000000e-01  1.16137064e-06 
 6.54000000e-01  1.18431484e-06 
 6.55000000e-01  1.20765462e-06 
 6.56000000e-01  1.23139537e-06 
 6.57000000e-01  1.25554255e-06 
 6.58000000e-01  1.28010164e-06 
 6.59000000e-01  1.30507819e-06 
 6.60000000e-01  1.33047777e-06 
 6.61000000e-01  1.35630601e-06 
 6.62000000e-01  1.38256855e-06 
 6.63000000e-01  1.40927112e-06 
 6.64000000e-01  1.43641945e-06 
 6.65000000e-01  1.46401934e-06 
 6.66000000e-01  1.49207661e-06 
 6.67000000e-01  1.52059713e-06 
 6.68000000e-01  1.54958681e-06 
 6.69000000e-01  1.57905160e-06 
 6.70000000e-01  1.60899750e-06 
 6.71000000e-01  1.63943053e-06 
 6.72000000e-01  1.67035676e-06 
 6.73000000e-01  1.70178229e-06 
 6.74000000e-01  1.73371328e-06 
 6.75000000e-01  1.76615591e-06 
 6.76000000e-01  1.79911639e-06 
 6.77000000e-01  1.83260099e-06 
 6.78000000e-01  1.86661599e-06 
 6.79000000e-01  1.90116773e-06 
 6.80000000e-01  1.93626257e-06 
 6.81000000e-01  1.97190691e-06 
 6.82000000e-01  2.00810719e-06 
 6.83000000e-01  2.04486988e-06 
 6.84000000e-01  2.08220148e-06 
 6.85000000e-01  2.12010851e-06 
 6.86000000e-01  2.15859756e-06 
 6.87000000e-01  2.19767522e-06 
 6.88000000e-01  2.23734811e-06 
 6.89000000e-01  2.27762290e-06 
 6.90000000e-01  2.31850629e-06 
 6.91000000e-01  2.36000498e-06 
 6.92000000e-01  2.40212573e-06 
 6.93000000e-01  2.44487531e-06 
 6.94000000e-01  2.48826053e-06 
 6.95000000e-01  2.53228822e-06 
 6.96000000e-01  2.57696523e-06 
 6.97000000e-01  2.62229845e-06 
 6.98000000e-01  2.66829477e-06 
 6.99000000e-01  2.71496113e-06 
 7.00000000e-01  2.76230448e-06 
 7.01000000e-01  2.81033180e-06 
 7.02000000e-01  2.85905007e-06 
 7.03000000e-01  2.90846631e-06 
 7.04000000e-01  2.95858757e-06 
 7.05000000e-01  3.00942089e-06 
 7.06000000e-01  3.06097334e-06 
 7.07000000e-01  3.11325202e-06 
 7.08000000e-01  3.16626402e-06 
 7.09000000e-01  3.22001647e-06 
 7.10000000e-01  3.27451650e-06 
 7.11000000e-01  3.32977127e-06 
 7.12000000e-01  3.38578792e-06 
 7.13000000e-01  3.44257363e-06 
 7.14000000e-01  3.50013559e-06 
 7.15000000e-01  3.55848098e-06 
 7.16000000e-01  3.61761700e-06 
 7.17000000e-01  3.67755087e-06 
 7.18000000e-01  3.73828978e-06 
 7.19000000e-01  3.79984097e-06 
 7.20000000e-01  3.86221165e-06 
 7.21000000e-01  3.92540906e-06 
 7.22000000e-01  3.98944041e-06 
 7.23000000e-01  4.05431293e-06 
 7.24000000e-01  4.12003386e-06 
 7.25000000e-01  4.18661042e-06 
 7.26000000e-01  4.25404984e-06 
 7.27000000e-01  4.32235933e-06 
 7.28000000e-01  4.39154611e-06 
 7.29000000e-01  4.46161738e-06 
 7.30000000e-01  4.53258036e-06 
 7.31000000e-01  4.60444223e-06 
 7.32000000e-01  4.67721018e-06 
 7.33000000e-01  4.75089137e-06 
 7.34000000e-01  4.82549297e-06 
 7.35000000e-01  4.90102212e-06 
 7.36000000e-01  4.97748595e-06 
 7.37000000e-01  5.05489158e-06 
 7.38000000e-01  5.13324611e-06 
 7.39000000e-01  5.21255660e-06 
 7.40000000e-01  5.29283012e-06 
 7.41000000e-01  5.37407371e-06 
 7.42000000e-01  5.45629437e-06 
 7.43000000e-01  5.53949910e-06 
 7.44000000e-01  5.62369485e-06 
 7.45000000e-01  5.70888857e-06 
 7.46000000e-01  5.79508716e-06 
 7.47000000e-01  5.88229749e-06 
 7.48000000e-01  5.97052642e-06 
 7.49000000e-01  6.05978076e-06 
 7.50000000e-01  6.15006728e-06 
 7.51000000e-01  6.24139273e-06 
 7.52000000e-01  6.33376382e-06 
 7.53000000e-01  6.42718722e-06 
 7.54000000e-01  6.52166955e-06 
 7.55000000e-01  6.61721741e-06 
 7.56000000e-01  6.71383734e-06 
 7.57000000e-01  6.81153584e-06 
 7.58000000e-01  6.91031937e-06 
 7.59000000e-01  7.01019434e-06 
 7.60000000e-01  7.11116711e-06 
 7.61000000e-01  7.21324400e-06 
 7.62000000e-01  7.31643126e-06 
 7.63000000e-01  7.42073511e-06 
 7.64000000e-01  7.52616170e-06 
 7.65000000e-01  7.63271714e-06 
 7.66000000e-01  7.74040746e-06 
 7.67000000e-01  7.84923865e-06 
 7.68000000e-01  7.95921665e-06 
 7.69000000e-01  8.07034732e-06 
 7.70000000e-01  8.18263646e-06 
 7.71000000e-01  8.29608982e-06 
 7.72000000e-01  8.41071308e-06 
 7.73000000e-01  8.52651184e-06 
 7.74000000e-01  8.64349166e-06 
 7.75000000e-01  8.76165801e-06 
 7.76000000e-01  8.88101630e-06 
 7.77000000e-01  9.00157186e-06 
 7.78000000e-01  9.12332996e-06 
 7.79000000e-01  9.24629580e-06 
 7.80000000e-01  9.37047448e-06 
 7.81000000e-01  9.49587106e-06 
 7.82000000e-01  9.62249049e-06 
 7.83000000e-01  9.75033767e-06 
 7.84000000e-01  9.87941740e-06 
 7.85000000e-01  1.00097344e-05 
 7.86000000e-01  1.01412934e-05 
 7.87000000e-01  1.02740988e-05 
 7.88000000e-01  1.04081552e-05 
 7.89000000e-01  1.05434670e-05 
 7.90000000e-01  1.06800385e-05 
 7.91000000e-01  1.08178739e-05 
 7.92000000e-01  1.09569773e-05 
 7.93000000e-01  1.10973528e-05 
 7.94000000e-01  1.12390045e-05 
 7.95000000e-01  1.13819360e-05 
 7.96000000e-01  1.15261513e-05 
 7.97000000e-01  1.16716540e-05 
 7.98000000e-01  1.18184478e-05 
 7.99000000e-01  1.19665360e-05 
 8.00000000e-01  1.21159222e-05 
 8.01000000e-01  1.22666097e-05 
 8.02000000e-01  1.24186016e-05 
 8.03000000e-01  1.25719012e-05 
 8.04000000e-01  1.27265114e-05 
 8.05000000e-01  1.28824352e-05 
 8.06000000e-01  1.30396754e-05 
 8.07000000e-01  1.31982349e-05 
 8.08000000e-01  1.33581161e-05 
 8.09000000e-01  1.35193217e-05 
 8.10000000e-01  1.36818541e-05 
 8.11000000e-01  1.38457158e-05 
 8.12000000e-01  1.40109088e-05 
 8.13000000e-01  1.41774354e-05 
 8.14000000e-01  1.43452976e-05 
 8.15000000e-01  1.45144974e-05 
 8.16000000e-01  1.46850367e-05 
 8.17000000e-01  1.48569171e-05 
 8.18000000e-01  1.50301404e-05 
 8.19000000e-01  1.52047080e-05 
 8.20000000e-01  1.53806215e-05 
 8.21000000e-01  1.55578822e-05 
 8.22000000e-01  1.57364913e-05 
 8.23000000e-01  1.59164500e-05 
 8.24000000e-01  1.60977594e-05 
 8.25000000e-01  1.62804203e-05 
 8.26000000e-01  1.64644337e-05 
 8.27000000e-01  1.66498002e-05 
 8.28000000e-01  1.68365206e-05 
 8.29000000e-01  1.70245954e-05 
 8.30000000e-01  1.72140250e-05 
 8.31000000e-01  1.74048098e-05 
 8.32000000e-01  1.75969500e-05 
 8.33000000e-01  1.77904458e-05 
 8.34000000e-01  1.79852973e-05 
 8.35000000e-01  1.81815044e-05 
 8.36000000e-01  1.83790670e-05 
 8.37000000e-01  1.85779848e-05 
 8.38000000e-01  1.87782575e-05 
 8.39000000e-01  1.89798848e-05 
 8.40000000e-01  1.91828660e-05 
 8.41000000e-01  1.93872005e-05 
 8.42000000e-01  1.95928878e-05 
 8.43000000e-01  1.97999269e-05 
 8.44000000e-01  2.00083169e-05 
 8.45000000e-01  2.02180570e-05 
 8.46000000e-01  2.04291459e-05 
 8.47000000e-01  2.06415826e-05 
 8.48000000e-01  2.08553658e-05 
 8.49000000e-01  2.10704942e-05 
 8.50000000e-01  2.12869663e-05 
 8.51000000e-01  2.15047806e-05 
 8.52000000e-01  2.17239356e-05 
 8.53000000e-01  2.19444295e-05 
 8.54000000e-01  2.21662605e-05 
 8.55000000e-01  2.23894269e-05 
 8.56000000e-01  2.26139266e-05 
 8.57000000e-01  2.28397577e-05 
 8.58000000e-01  2.30669181e-05 
 8.59000000e-01  2.32954056e-05 
 8.60000000e-01  2.35252179e-05 
 8.61000000e-01  2.37563528e-05 
 8.62000000e-01  2.39888077e-05 
 8.63000000e-01  2.42225802e-05 
 8.64000000e-01  2.44576679e-05 
 8.65000000e-01  2.46940679e-05 
 8.66000000e-01  2.49317777e-05 
 8.67000000e-01  2.51707945e-05 
 8.68000000e-01  2.54111154e-05 
 8.69000000e-01  2.56527374e-05 
 8.70000000e-01  2.58956578e-05 
 8.71000000e-01  2.61398733e-05 
 8.72000000e-01  2.63853809e-05 
 8.73000000e-01  2.66321774e-05 
 8.74000000e-01  2.68802596e-05 
 8.75000000e-01  2.71296241e-05 
 8.76000000e-01  2.73802677e-05 
 8.77000000e-01  2.76321868e-05 
 8.78000000e-01  2.78853780e-05 
 8.79000000e-01  2.81398379e-05 
 8.80000000e-01  2.83955627e-05 
 8.81000000e-01  2.86525488e-05 
 8.82000000e-01  2.89107926e-05 
 8.83000000e-01  2.91702903e-05 
 8.84000000e-01  2.94310381e-05 
 8.85000000e-01  2.96930321e-05 
 8.86000000e-01  2.99562684e-05 
 8.87000000e-01  3.02207431e-05 
 8.88000000e-01  3.04864522e-05 
 8.89000000e-01  3.07533916e-05 
 8.90000000e-01  3.10215573e-05 
 8.91000000e-01  3.12909451e-05 
 8.92000000e-01  3.15615508e-05 
 8.93000000e-01  3.18333703e-05 
 8.94000000e-01  3.21063993e-05 
 8.95000000e-01  3.23806334e-05 
 8.96000000e-01  3.26560684e-05 
 8.97000000e-01  3.29326999e-05 
 8.98000000e-01  3.32105235e-05 
 8.99000000e-01  3.34895347e-05 
 9.00000000e-01  3.37697292e-05 
 9.01000000e-01  3.40511023e-05 
 9.02000000e-01  3.43336496e-05 
 9.03000000e-01  3.46173664e-05 
 9.04000000e-01  3.49022483e-05 
 9.05000000e-01  3.51882906e-05 
 9.06000000e-01  3.54754886e-05 
 9.07000000e-01  3.57638377e-05 
 9.08000000e-01  3.60533333e-05 
 9.09000000e-01  3.63439704e-05 
 9.10000000e-01  3.66357445e-05 
 9.11000000e-01  3.69286508e-05 
 9.12000000e-01  3.72226845e-05 
 9.13000000e-01  3.75178408e-05 
 9.14000000e-01  3.78141149e-05 
 9.15000000e-01  3.81115019e-05 
 9.16000000e-01  3.84099970e-05 
 9.17000000e-01  3.87095953e-05 
 9.18000000e-01  3.90102920e-05 
 9.19000000e-01  3.93120821e-05 
 9.20000000e-01  3.96149608e-05 
 9.21000000e-01  3.99189231e-05 
 9.22000000e-01  4.02239641e-05 
 9.23000000e-01  4.05300788e-05 
 9.24000000e-01  4.08372624e-05 
 9.25000000e-01  4.11455097e-05 
 9.26000000e-01  4.14548160e-05 
 9.27000000e-01  4.17651762e-05 
 9.28000000e-01  4.20765853e-05 
 9.29000000e-01  4.23890384e-05 
 9.30000000e-01  4.27025304e-05 
 9.31000000e-01  4.30170564e-05 
 9.32000000e-01  4.33326114e-05 
 9.33000000e-01  4.36491904e-05 
 9.34000000e-01  4.39667883e-05 
 9.35000000e-01  4.42854002e-05 
 9.36000000e-01  4.46050212e-05 
 9.37000000e-01  4.49256461e-05 
 9.38000000e-01  4.52472701e-05 
 9.39000000e-01  4.55698880e-05 
 9.40000000e-01  4.58934950e-05 
 9.41000000e-01  4.62180860e-05 
 9.42000000e-01  4.65436560e-05 
 9.43000000e-01  4.68702002e-05 
 9.44000000e-01  4.71977134e-05 
 9.45000000e-01  4.75261908e-05 
 9.46000000e-01  4.78556274e-05 
 9.47000000e-01  4.81860182e-05 
 9.48000000e-01  4.85173583e-05 
 9.49000000e-01  4.88496428e-05 
 9.50000000e-01  4.91828666e-05 
 9.51000000e-01  4.95170250e-05 
 9.52000000e-01  4.98521130e-05 
 9.53000000e-01  5.01881256e-05 
 9.54000000e-01  5.05250581e-05 
 9.55000000e-01  5.08629055e-05 
 9.56000000e-01  5.12016630e-05 
 9.57000000e-01  5.15413257e-05 
 9.58000000e-01  5.18818888e-05 
 9.59000000e-01  5.22233475e-05 
 9.60000000e-01  5.25656968e-05 
 9.61000000e-01  5.29089322e-05 
 9.62000000e-01  5.32530486e-05 
 9.63000000e-01  5.35980415e-05 
 9.64000000e-01  5.39439059e-05 
 9.65000000e-01  5.42906373e-05 
 9.66000000e-01  5.46382308e-05 
 9.67000000e-01  5.49866818e-05 
 9.68000000e-01  5.53359855e-05 
 9.69000000e-01  5.56861372e-05 
 9.70000000e-01  5.60371324e-05 
 9.71000000e-01  5.63889664e-05 
 9.72000000e-01  5.67416345e-05 
 9.73000000e-01  5.70951322e-05 
 9.74000000e-01  5.74494548e-05 
 9.75000000e-01  5.78045977e-05 
 9.76000000e-01  5.81605565e-05 
 9.77000000e-01  5.85173266e-05 
 9.78000000e-01  5.88749035e-05 
 9.79000000e-01  5.92332826e-05 
 9.80000000e-01  5.95924595e-05 
 9.81000000e-01  5.99524297e-05 
 9.82000000e-01  6.03131889e-05 
 9.83000000e-01  6.06747325e-05 
 9.84000000e-01  6.10370562e-05 
 9.85000000e-01  6.14001555e-05 
 9.86000000e-01  6.17640263e-05 
 9.87000000e-01  6.21286640e-05 
 9.88000000e-01  6.24940644e-05 
 9.89000000e-01  6.28602232e-05 
 9.90000000e-01  6.32271361e-05 
 9.91000000e-01  6.35947989e-05 
 9.92000000e-01  6.39632073e-05 
 9.93000000e-01  6.43323571e-05 
 9.94000000e-01  6.47022441e-05 
 9.95000000e-01  6.50728641e-05 
 9.96000000e-01  6.54442131e-05 
 9.97000000e-01  6.58162869e-05 
 9.98000000e-01  6.61890813e-05 
 9.99000000e-01  6.65625923e-05 
 1.00000000e+00  6.69368158e-05 
