 0.00000000e+00  4.14927713e-02 
 1.00000000e-03  4.14927714e-02 
 2.00000000e-03  4.14927716e-02 
 3.00000000e-03  4.14927717e-02 
 4.00000000e-03  4.14927719e-02 
 5.00000000e-03  4.14927720e-02 
 6.00000000e-03  4.14927722e-02 
 7.00000000e-03  4.14927724e-02 
 8.00000000e-03  4.14927725e-02 
 9.00000000e-03  4.14927727e-02 
 1.00000000e-02  4.14927729e-02 
 1.10000000e-02  4.14927731e-02 
 1.20000000e-02  4.14927733e-02 
 1.30000000e-02  4.14927735e-02 
 1.40000000e-02  4.14927737e-02 
 1.50000000e-02  4.14927739e-02 
 1.60000000e-02  4.14927741e-02 
 1.70000000e-02  4.14927743e-02 
 1.80000000e-02  4.14927745e-02 
 1.90000000e-02  4.14927748e-02 
 2.00000000e-02  4.14927750e-02 
 2.10000000e-02  4.14927753e-02 
 2.20000000e-02  4.14927755e-02 
 2.30000000e-02  4.14927758e-02 
 2.40000000e-02  4.14927760e-02 
 2.50000000e-02  4.14927763e-02 
 2.60000000e-02  4.14927766e-02 
 2.70000000e-02  4.14927769e-02 
 2.80000000e-02  4.14927772e-02 
 2.90000000e-02  4.14927775e-02 
 3.00000000e-02  4.14927778e-02 
 3.10000000e-02  4.14927781e-02 
 3.20000000e-02  4.14927784e-02 
 3.30000000e-02  4.14927788e-02 
 3.40000000e-02  4.14927791e-02 
 3.50000000e-02  4.14927795e-02 
 3.60000000e-02  4.14927798e-02 
 3.70000000e-02  4.14927802e-02 
 3.80000000e-02  4.14927806e-02 
 3.90000000e-02  4.14927810e-02 
 4.00000000e-02  4.14927814e-02 
 4.10000000e-02  4.14927818e-02 
 4.20000000e-02  4.14927823e-02 
 4.30000000e-02  4.14927827e-02 
 4.40000000e-02  4.14927831e-02 
 4.50000000e-02  4.14927836e-02 
 4.60000000e-02  4.14927841e-02 
 4.70000000e-02  4.14927846e-02 
 4.80000000e-02  4.14927851e-02 
 4.90000000e-02  4.14927856e-02 
 5.00000000e-02  4.14927862e-02 
 5.10000000e-02  4.14927867e-02 
 5.20000000e-02  4.14927873e-02 
 5.30000000e-02  4.14927878e-02 
 5.40000000e-02  4.14927884e-02 
 5.50000000e-02  4.14927891e-02 
 5.60000000e-02  4.14927897e-02 
 5.70000000e-02  4.14927903e-02 
 5.80000000e-02  4.14927910e-02 
 5.90000000e-02  4.14927917e-02 
 6.00000000e-02  4.14927924e-02 
 6.10000000e-02  4.14927931e-02 
 6.20000000e-02  4.14927938e-02 
 6.30000000e-02  4.14927946e-02 
 6.40000000e-02  4.14927954e-02 
 6.50000000e-02  4.14927962e-02 
 6.60000000e-02  4.14927970e-02 
 6.70000000e-02  4.14927978e-02 
 6.80000000e-02  4.14927987e-02 
 6.90000000e-02  4.14927996e-02 
 7.00000000e-02  4.14928005e-02 
 7.10000000e-02  4.14928015e-02 
 7.20000000e-02  4.14928024e-02 
 7.30000000e-02  4.14928034e-02 
 7.40000000e-02  4.14928045e-02 
 7.50000000e-02  4.14928055e-02 
 7.60000000e-02  4.14928066e-02 
 7.70000000e-02  4.14928077e-02 
 7.80000000e-02  4.14928088e-02 
 7.90000000e-02  4.14928100e-02 
 8.00000000e-02  4.14928112e-02 
 8.10000000e-02  4.14928124e-02 
 8.20000000e-02  4.14928137e-02 
 8.30000000e-02  4.14928150e-02 
 8.40000000e-02  4.14928163e-02 
 8.50000000e-02  4.14928177e-02 
 8.60000000e-02  4.14928191e-02 
 8.70000000e-02  4.14928206e-02 
 8.80000000e-02  4.14928221e-02 
 8.90000000e-02  4.14928236e-02 
 9.00000000e-02  4.14928252e-02 
 9.10000000e-02  4.14928268e-02 
 9.20000000e-02  4.14928285e-02 
 9.30000000e-02  4.14928302e-02 
 9.40000000e-02  4.14928319e-02 
 9.50000000e-02  4.14928337e-02 
 9.60000000e-02  4.14928356e-02 
 9.70000000e-02  4.14928375e-02 
 9.80000000e-02  4.14928394e-02 
 9.90000000e-02  4.14928414e-02 
 1.00000000e-01  4.14928435e-02 
 1.01000000e-01  4.14928456e-02 
 1.02000000e-01  4.14928478e-02 
 1.03000000e-01  4.14928500e-02 
 1.04000000e-01  4.14928523e-02 
 1.05000000e-01  4.14928547e-02 
 1.06000000e-01  4.14928571e-02 
 1.07000000e-01  4.14928596e-02 
 1.08000000e-01  4.14928622e-02 
 1.09000000e-01  4.14928648e-02 
 1.10000000e-01  4.14928675e-02 
 1.11000000e-01  4.14928703e-02 
 1.12000000e-01  4.14928731e-02 
 1.13000000e-01  4.14928761e-02 
 1.14000000e-01  4.14928791e-02 
 1.15000000e-01  4.14928822e-02 
 1.16000000e-01  4.14928853e-02 
 1.17000000e-01  4.14928886e-02 
 1.18000000e-01  4.14928920e-02 
 1.19000000e-01  4.14928954e-02 
 1.20000000e-01  4.14928989e-02 
 1.21000000e-01  4.14929026e-02 
 1.22000000e-01  4.14929063e-02 
 1.23000000e-01  4.14929101e-02 
 1.24000000e-01  4.14929141e-02 
 1.25000000e-01  4.14929181e-02 
 1.26000000e-01  4.14929223e-02 
 1.27000000e-01  4.14929266e-02 
 1.28000000e-01  4.14929309e-02 
 1.29000000e-01  4.14929355e-02 
 1.30000000e-01  4.14929401e-02 
 1.31000000e-01  4.14929448e-02 
 1.32000000e-01  4.14929497e-02 
 1.33000000e-01  4.14929548e-02 
 1.34000000e-01  4.14929599e-02 
 1.35000000e-01  4.14929652e-02 
 1.36000000e-01  4.14929707e-02 
 1.37000000e-01  4.14929763e-02 
 1.38000000e-01  4.14929820e-02 
 1.39000000e-01  4.14929879e-02 
 1.40000000e-01  4.14929940e-02 
 1.41000000e-01  4.14930002e-02 
 1.42000000e-01  4.14930066e-02 
 1.43000000e-01  4.14930132e-02 
 1.44000000e-01  4.14930200e-02 
 1.45000000e-01  4.14930269e-02 
 1.46000000e-01  4.14930340e-02 
 1.47000000e-01  4.14930413e-02 
 1.48000000e-01  4.14930489e-02 
 1.49000000e-01  4.14930566e-02 
 1.50000000e-01  4.14930645e-02 
 1.51000000e-01  4.14930727e-02 
 1.52000000e-01  4.14930811e-02 
 1.53000000e-01  4.14930897e-02 
 1.54000000e-01  4.14930985e-02 
 1.55000000e-01  4.14931076e-02 
 1.56000000e-01  4.14931170e-02 
 1.57000000e-01  4.14931266e-02 
 1.58000000e-01  4.14931364e-02 
 1.59000000e-01  4.14931465e-02 
 1.60000000e-01  4.14931569e-02 
 1.61000000e-01  4.14931676e-02 
 1.62000000e-01  4.14931786e-02 
 1.63000000e-01  4.14931899e-02 
 1.64000000e-01  4.14932014e-02 
 1.65000000e-01  4.14932133e-02 
 1.66000000e-01  4.14932256e-02 
 1.67000000e-01  4.14932381e-02 
 1.68000000e-01  4.14932510e-02 
 1.69000000e-01  4.14932643e-02 
 1.70000000e-01  4.14932779e-02 
 1.71000000e-01  4.14932918e-02 
 1.72000000e-01  4.14933062e-02 
 1.73000000e-01  4.14933210e-02 
 1.74000000e-01  4.14933361e-02 
 1.75000000e-01  4.14933517e-02 
 1.76000000e-01  4.14933677e-02 
 1.77000000e-01  4.14933841e-02 
 1.78000000e-01  4.14934010e-02 
 1.79000000e-01  4.14934183e-02 
 1.80000000e-01  4.14934362e-02 
 1.81000000e-01  4.14934544e-02 
 1.82000000e-01  4.14934732e-02 
 1.83000000e-01  4.14934926e-02 
 1.84000000e-01  4.14935124e-02 
 1.85000000e-01  4.14935328e-02 
 1.86000000e-01  4.14935537e-02 
 1.87000000e-01  4.14935752e-02 
 1.88000000e-01  4.14935973e-02 
 1.89000000e-01  4.14936200e-02 
 1.90000000e-01  4.14936433e-02 
 1.91000000e-01  4.14936672e-02 
 1.92000000e-01  4.14936918e-02 
 1.93000000e-01  4.14937171e-02 
 1.94000000e-01  4.14937431e-02 
 1.95000000e-01  4.14937697e-02 
 1.96000000e-01  4.14937971e-02 
 1.97000000e-01  4.14938252e-02 
 1.98000000e-01  4.14938541e-02 
 1.99000000e-01  4.14938838e-02 
 2.00000000e-01  4.14939143e-02 
 2.01000000e-01  4.14939457e-02 
 2.02000000e-01  4.14939778e-02 
 2.03000000e-01  4.14940109e-02 
 2.04000000e-01  4.14940448e-02 
 2.05000000e-01  4.14940797e-02 
 2.06000000e-01  4.14941155e-02 
 2.07000000e-01  4.14941523e-02 
 2.08000000e-01  4.14941902e-02 
 2.09000000e-01  4.14942290e-02 
 2.10000000e-01  4.14942689e-02 
 2.11000000e-01  4.14943099e-02 
 2.12000000e-01  4.14943519e-02 
 2.13000000e-01  4.14943952e-02 
 2.14000000e-01  4.14944396e-02 
 2.15000000e-01  4.14944852e-02 
 2.16000000e-01  4.14945321e-02 
 2.17000000e-01  4.14945802e-02 
 2.18000000e-01  4.14946296e-02 
 2.19000000e-01  4.14946804e-02 
 2.20000000e-01  4.14947326e-02 
 2.21000000e-01  4.14947861e-02 
 2.22000000e-01  4.14948412e-02 
 2.23000000e-01  4.14948977e-02 
 2.24000000e-01  4.14949558e-02 
 2.25000000e-01  4.14950154e-02 
 2.26000000e-01  4.14950767e-02 
 2.27000000e-01  4.14951396e-02 
 2.28000000e-01  4.14952043e-02 
 2.29000000e-01  4.14952706e-02 
 2.30000000e-01  4.14953388e-02 
 2.31000000e-01  4.14954089e-02 
 2.32000000e-01  4.14954808e-02 
 2.33000000e-01  4.14955547e-02 
 2.34000000e-01  4.14956306e-02 
 2.35000000e-01  4.14957086e-02 
 2.36000000e-01  4.14957887e-02 
 2.37000000e-01  4.14958709e-02 
 2.38000000e-01  4.14959554e-02 
 2.39000000e-01  4.14960422e-02 
 2.40000000e-01  4.14961313e-02 
 2.41000000e-01  4.14962228e-02 
 2.42000000e-01  4.14963168e-02 
 2.43000000e-01  4.14964134e-02 
 2.44000000e-01  4.14965126e-02 
 2.45000000e-01  4.14966144e-02 
 2.46000000e-01  4.14967191e-02 
 2.47000000e-01  4.14968265e-02 
 2.48000000e-01  4.14969369e-02 
 2.49000000e-01  4.14970503e-02 
 2.50000000e-01  4.14971667e-02 
 2.51000000e-01  4.14972863e-02 
 2.52000000e-01  4.14974091e-02 
 2.53000000e-01  4.14975352e-02 
 2.54000000e-01  4.14976648e-02 
 2.55000000e-01  4.14977978e-02 
 2.56000000e-01  4.14979345e-02 
 2.57000000e-01  4.14980748e-02 
 2.58000000e-01  4.14982190e-02 
 2.59000000e-01  4.14983670e-02 
 2.60000000e-01  4.14985190e-02 
 2.61000000e-01  4.14986752e-02 
 2.62000000e-01  4.14988355e-02 
 2.63000000e-01  4.14990002e-02 
 2.64000000e-01  4.14991694e-02 
 2.65000000e-01  4.14993431e-02 
 2.66000000e-01  4.14995215e-02 
 2.67000000e-01  4.14997047e-02 
 2.68000000e-01  4.14998928e-02 
 2.69000000e-01  4.15000860e-02 
 2.70000000e-01  4.15002845e-02 
 2.71000000e-01  4.15004883e-02 
 2.72000000e-01  4.15006976e-02 
 2.73000000e-01  4.15009125e-02 
 2.74000000e-01  4.15011332e-02 
 2.75000000e-01  4.15013598e-02 
 2.76000000e-01  4.15015926e-02 
 2.77000000e-01  4.15018316e-02 
 2.78000000e-01  4.15020771e-02 
 2.79000000e-01  4.15023292e-02 
 2.80000000e-01  4.15025880e-02 
 2.81000000e-01  4.15028539e-02 
 2.82000000e-01  4.15031268e-02 
 2.83000000e-01  4.15034071e-02 
 2.84000000e-01  4.15036950e-02 
 2.85000000e-01  4.15039906e-02 
 2.86000000e-01  4.15042941e-02 
 2.87000000e-01  4.15046058e-02 
 2.88000000e-01  4.15049258e-02 
 2.89000000e-01  4.15052545e-02 
 2.90000000e-01  4.15055919e-02 
 2.91000000e-01  4.15059384e-02 
 2.92000000e-01  4.15062942e-02 
 2.93000000e-01  4.15066596e-02 
 2.94000000e-01  4.15070347e-02 
 2.95000000e-01  4.15074199e-02 
 2.96000000e-01  4.15078155e-02 
 2.97000000e-01  4.15082216e-02 
 2.98000000e-01  4.15086386e-02 
 2.99000000e-01  4.15090667e-02 
 3.00000000e-01  4.15095063e-02 
 3.01000000e-01  4.15099577e-02 
 3.02000000e-01  4.15104211e-02 
 3.03000000e-01  4.15108970e-02 
 3.04000000e-01  4.15113855e-02 
 3.05000000e-01  4.15118871e-02 
 3.06000000e-01  4.15124021e-02 
 3.07000000e-01  4.15129309e-02 
 3.08000000e-01  4.15134738e-02 
 3.09000000e-01  4.15140311e-02 
 3.10000000e-01  4.15146033e-02 
 3.11000000e-01  4.15151908e-02 
 3.12000000e-01  4.15157939e-02 
 3.13000000e-01  4.15164131e-02 
 3.14000000e-01  4.15170488e-02 
 3.15000000e-01  4.15177014e-02 
 3.16000000e-01  4.15183714e-02 
 3.17000000e-01  4.15190592e-02 
 3.18000000e-01  4.15197653e-02 
 3.19000000e-01  4.15204902e-02 
 3.20000000e-01  4.15212343e-02 
 3.21000000e-01  4.15219982e-02 
 3.22000000e-01  4.15227824e-02 
 3.23000000e-01  4.15235874e-02 
 3.24000000e-01  4.15244137e-02 
 3.25000000e-01  4.15252619e-02 
 3.26000000e-01  4.15261327e-02 
 3.27000000e-01  4.15270265e-02 
 3.28000000e-01  4.15279439e-02 
 3.29000000e-01  4.15288857e-02 
 3.30000000e-01  4.15298523e-02 
 3.31000000e-01  4.15308445e-02 
 3.32000000e-01  4.15318630e-02 
 3.33000000e-01  4.15329083e-02 
 3.34000000e-01  4.15339813e-02 
 3.35000000e-01  4.15350826e-02 
 3.36000000e-01  4.15362129e-02 
 3.37000000e-01  4.15373730e-02 
 3.38000000e-01  4.15385637e-02 
 3.39000000e-01  4.15397858e-02 
 3.40000000e-01  4.15410400e-02 
 3.41000000e-01  4.15423272e-02 
 3.42000000e-01  4.15436483e-02 
 3.43000000e-01  4.15450041e-02 
 3.44000000e-01  4.15463955e-02 
 3.45000000e-01  4.15478235e-02 
 3.46000000e-01  4.15492889e-02 
 3.47000000e-01  4.15507927e-02 
 3.48000000e-01  4.15523360e-02 
 3.49000000e-01  4.15539197e-02 
 3.50000000e-01  4.15555448e-02 
 3.51000000e-01  4.15572125e-02 
 3.52000000e-01  4.15589237e-02 
 3.53000000e-01  4.15606797e-02 
 3.54000000e-01  4.15624815e-02 
 3.55000000e-01  4.15643304e-02 
 3.56000000e-01  4.15662274e-02 
 3.57000000e-01  4.15681739e-02 
 3.58000000e-01  4.15701711e-02 
 3.59000000e-01  4.15722203e-02 
 3.60000000e-01  4.15743228e-02 
 3.61000000e-01  4.15764799e-02 
 3.62000000e-01  4.15786931e-02 
 3.63000000e-01  4.15809637e-02 
 3.64000000e-01  4.15832932e-02 
 3.65000000e-01  4.15856831e-02 
 3.66000000e-01  4.15881349e-02 
 3.67000000e-01  4.15906501e-02 
 3.68000000e-01  4.15932304e-02 
 3.69000000e-01  4.15958773e-02 
 3.70000000e-01  4.15985927e-02 
 3.71000000e-01  4.16013780e-02 
 3.72000000e-01  4.16042352e-02 
 3.73000000e-01  4.16071660e-02 
 3.74000000e-01  4.16101722e-02 
 3.75000000e-01  4.16132558e-02 
 3.76000000e-01  4.16164185e-02 
 3.77000000e-01  4.16196625e-02 
 3.78000000e-01  4.16229897e-02 
 3.79000000e-01  4.16264022e-02 
 3.80000000e-01  4.16299021e-02 
 3.81000000e-01  4.16334915e-02 
 3.82000000e-01  4.16371727e-02 
 3.83000000e-01  4.16409480e-02 
 3.84000000e-01  4.16448195e-02 
 3.85000000e-01  4.16487898e-02 
 3.86000000e-01  4.16528611e-02 
 3.87000000e-01  4.16570361e-02 
 3.88000000e-01  4.16613172e-02 
 3.89000000e-01  4.16657070e-02 
 3.90000000e-01  4.16702082e-02 
 3.91000000e-01  4.16748235e-02 
 3.92000000e-01  4.16795557e-02 
 3.93000000e-01  4.16844075e-02 
 3.94000000e-01  4.16893819e-02 
 3.95000000e-01  4.16944819e-02 
 3.96000000e-01  4.16997105e-02 
 3.97000000e-01  4.17050707e-02 
 3.98000000e-01  4.17105659e-02 
 3.99000000e-01  4.17161991e-02 
 4.00000000e-01  4.17219737e-02 
 4.01000000e-01  4.17278932e-02 
 4.02000000e-01  4.17339609e-02 
 4.03000000e-01  4.17401803e-02 
 4.04000000e-01  4.17465552e-02 
 4.05000000e-01  4.17530892e-02 
 4.06000000e-01  4.17597861e-02 
 4.07000000e-01  4.17666497e-02 
 4.08000000e-01  4.17736840e-02 
 4.09000000e-01  4.17808930e-02 
 4.10000000e-01  4.17882807e-02 
 4.11000000e-01  4.17958515e-02 
 4.12000000e-01  4.18036096e-02 
 4.13000000e-01  4.18115594e-02 
 4.14000000e-01  4.18197053e-02 
 4.15000000e-01  4.18280520e-02 
 4.16000000e-01  4.18366040e-02 
 4.17000000e-01  4.18453662e-02 
 4.18000000e-01  4.18543435e-02 
 4.19000000e-01  4.18635407e-02 
 4.20000000e-01  4.18729629e-02 
 4.21000000e-01  4.18826154e-02 
 4.22000000e-01  4.18925034e-02 
 4.23000000e-01  4.19026323e-02 
 4.24000000e-01  4.19130076e-02 
 4.25000000e-01  4.19236349e-02 
 4.26000000e-01  4.19345200e-02 
 4.27000000e-01  4.19456686e-02 
 4.28000000e-01  4.19570867e-02 
 4.29000000e-01  4.19687804e-02 
 4.30000000e-01  4.19807560e-02 
 4.31000000e-01  4.19930196e-02 
 4.32000000e-01  4.20055779e-02 
 4.33000000e-01  4.20184373e-02 
 4.34000000e-01  4.20316045e-02 
 4.35000000e-01  4.20450864e-02 
 4.36000000e-01  4.20588900e-02 
 4.37000000e-01  4.20730222e-02 
 4.38000000e-01  4.20874905e-02 
 4.39000000e-01  4.21023021e-02 
 4.40000000e-01  4.21174645e-02 
 4.41000000e-01  4.21329855e-02 
 4.42000000e-01  4.21488728e-02 
 4.43000000e-01  4.21651343e-02 
 4.44000000e-01  4.21817781e-02 
 4.45000000e-01  4.21988125e-02 
 4.46000000e-01  4.22162459e-02 
 4.47000000e-01  4.22340868e-02 
 4.48000000e-01  4.22523439e-02 
 4.49000000e-01  4.22710261e-02 
 4.50000000e-01  4.22901423e-02 
 4.51000000e-01  4.23097018e-02 
 4.52000000e-01  4.23297139e-02 
 4.53000000e-01  4.23501880e-02 
 4.54000000e-01  4.23711339e-02 
 4.55000000e-01  4.23925614e-02 
 4.56000000e-01  4.24144804e-02 
 4.57000000e-01  4.24369012e-02 
 4.58000000e-01  4.24598341e-02 
 4.59000000e-01  4.24832896e-02 
 4.60000000e-01  4.25072784e-02 
 4.61000000e-01  4.25318114e-02 
 4.62000000e-01  4.25568996e-02 
 4.63000000e-01  4.25825543e-02 
 4.64000000e-01  4.26087868e-02 
 4.65000000e-01  4.26356089e-02 
 4.66000000e-01  4.26630322e-02 
 4.67000000e-01  4.26910687e-02 
 4.68000000e-01  4.27197305e-02 
 4.69000000e-01  4.27490301e-02 
 4.70000000e-01  4.27789800e-02 
 4.71000000e-01  4.28095928e-02 
 4.72000000e-01  4.28408815e-02 
 4.73000000e-01  4.28728592e-02 
 4.74000000e-01  4.29055393e-02 
 4.75000000e-01  4.29389351e-02 
 4.76000000e-01  4.29730605e-02 
 4.77000000e-01  4.30079292e-02 
 4.78000000e-01  4.30435555e-02 
 4.79000000e-01  4.30799535e-02 
 4.80000000e-01  4.31171379e-02 
 4.81000000e-01  4.31551232e-02 
 4.82000000e-01  4.31939243e-02 
 4.83000000e-01  4.32335564e-02 
 4.84000000e-01  4.32740347e-02 
 4.85000000e-01  4.33153748e-02 
 4.86000000e-01  4.33575922e-02 
 4.87000000e-01  4.34007030e-02 
 4.88000000e-01  4.34447232e-02 
 4.89000000e-01  4.34896692e-02 
 4.90000000e-01  4.35355573e-02 
 4.91000000e-01  4.35824044e-02 
 4.92000000e-01  4.36302272e-02 
 4.93000000e-01  4.36790430e-02 
 4.94000000e-01  4.37288690e-02 
 4.95000000e-01  4.37797227e-02 
 4.96000000e-01  4.38316218e-02 
 4.97000000e-01  4.38845842e-02 
 4.98000000e-01  4.39386279e-02 
 4.99000000e-01  4.39937714e-02 
 5.00000000e-01  4.40500329e-02 
 5.01000000e-01  4.41074313e-02 
 5.02000000e-01  4.41659853e-02 
 5.03000000e-01  4.42257140e-02 
 5.04000000e-01  4.42866367e-02 
 5.05000000e-01  4.43487727e-02 
 5.06000000e-01  4.44121416e-02 
 5.07000000e-01  4.44767632e-02 
 5.08000000e-01  4.45426575e-02 
 5.09000000e-01  4.46098447e-02 
 5.10000000e-01  4.46783449e-02 
 5.11000000e-01  4.47481787e-02 
 5.12000000e-01  4.48193668e-02 
 5.13000000e-01  4.48919299e-02 
 5.14000000e-01  4.49658890e-02 
 5.15000000e-01  4.50412652e-02 
 5.16000000e-01  4.51180798e-02 
 5.17000000e-01  4.51963543e-02 
 5.18000000e-01  4.52761101e-02 
 5.19000000e-01  4.53573692e-02 
 5.20000000e-01  4.54401532e-02 
 5.21000000e-01  4.55244842e-02 
 5.22000000e-01  4.56103844e-02 
 5.23000000e-01  4.56978759e-02 
 5.24000000e-01  4.57869812e-02 
 5.25000000e-01  4.58777227e-02 
 5.26000000e-01  4.59701231e-02 
 5.27000000e-01  4.60642051e-02 
 5.28000000e-01  4.61599915e-02 
 5.29000000e-01  4.62575051e-02 
 5.30000000e-01  4.63567691e-02 
 5.31000000e-01  4.64578064e-02 
 5.32000000e-01  4.65606403e-02 
 5.33000000e-01  4.66652940e-02 
 5.34000000e-01  4.67717908e-02 
 5.35000000e-01  4.68801542e-02 
 5.36000000e-01  4.69904074e-02 
 5.37000000e-01  4.71025740e-02 
 5.38000000e-01  4.72166776e-02 
 5.39000000e-01  4.73327416e-02 
 5.40000000e-01  4.74507897e-02 
 5.41000000e-01  4.75708455e-02 
 5.42000000e-01  4.76929326e-02 
 5.43000000e-01  4.78170747e-02 
 5.44000000e-01  4.79432953e-02 
 5.45000000e-01  4.80716182e-02 
 5.46000000e-01  4.82020668e-02 
 5.47000000e-01  4.83346649e-02 
 5.48000000e-01  4.84694360e-02 
 5.49000000e-01  4.86064036e-02 
 5.50000000e-01  4.87455913e-02 
 5.51000000e-01  4.88870223e-02 
 5.52000000e-01  4.90307202e-02 
 5.53000000e-01  4.91767082e-02 
 5.54000000e-01  4.93250096e-02 
 5.55000000e-01  4.94756475e-02 
 5.56000000e-01  4.96286449e-02 
 5.57000000e-01  4.97840249e-02 
 5.58000000e-01  4.99418102e-02 
 5.59000000e-01  5.01020235e-02 
 5.60000000e-01  5.02646876e-02 
 5.61000000e-01  5.04298247e-02 
 5.62000000e-01  5.05974574e-02 
 5.63000000e-01  5.07676076e-02 
 5.64000000e-01  5.09402975e-02 
 5.65000000e-01  5.11155488e-02 
 5.66000000e-01  5.12933833e-02 
 5.67000000e-01  5.14738224e-02 
 5.68000000e-01  5.16568873e-02 
 5.69000000e-01  5.18425992e-02 
 5.70000000e-01  5.20309789e-02 
 5.71000000e-01  5.22220471e-02 
 5.72000000e-01  5.24158241e-02 
 5.73000000e-01  5.26123302e-02 
 5.74000000e-01  5.28115852e-02 
 5.75000000e-01  5.30136089e-02 
 5.76000000e-01  5.32184206e-02 
 5.77000000e-01  5.34260395e-02 
 5.78000000e-01  5.36364845e-02 
 5.79000000e-01  5.38497740e-02 
 5.80000000e-01  5.40659265e-02 
 5.81000000e-01  5.42849599e-02 
 5.82000000e-01  5.45068917e-02 
 5.83000000e-01  5.47317395e-02 
 5.84000000e-01  5.49595201e-02 
 5.85000000e-01  5.51902503e-02 
 5.86000000e-01  5.54239464e-02 
 5.87000000e-01  5.56606243e-02 
 5.88000000e-01  5.59002998e-02 
 5.89000000e-01  5.61429881e-02 
 5.90000000e-01  5.63887040e-02 
 5.91000000e-01  5.66374621e-02 
 5.92000000e-01  5.68892766e-02 
 5.93000000e-01  5.71441611e-02 
 5.94000000e-01  5.74021290e-02 
 5.95000000e-01  5.76631932e-02 
 5.96000000e-01  5.79273664e-02 
 5.97000000e-01  5.81946605e-02 
 5.98000000e-01  5.84650873e-02 
 5.99000000e-01  5.87386581e-02 
 6.00000000e-01  5.90153837e-02 
 6.01000000e-01  5.92952744e-02 
 6.02000000e-01  5.95783403e-02 
 6.03000000e-01  5.98645909e-02 
 6.04000000e-01  6.01540352e-02 
 6.05000000e-01  6.04466817e-02 
 6.06000000e-01  6.07425388e-02 
 6.07000000e-01  6.10416140e-02 
 6.08000000e-01  6.13439145e-02 
 6.09000000e-01  6.16494471e-02 
 6.10000000e-01  6.19582181e-02 
 6.11000000e-01  6.22702332e-02 
 6.12000000e-01  6.25854978e-02 
 6.13000000e-01  6.29040167e-02 
 6.14000000e-01  6.32257942e-02 
 6.15000000e-01  6.35508342e-02 
 6.16000000e-01  6.38791401e-02 
 6.17000000e-01  6.42107147e-02 
 6.18000000e-01  6.45455604e-02 
 6.19000000e-01  6.48836791e-02 
 6.20000000e-01  6.52250723e-02 
 6.21000000e-01  6.55697408e-02 
 6.22000000e-01  6.59176850e-02 
 6.23000000e-01  6.62689048e-02 
 6.24000000e-01  6.66233998e-02 
 6.25000000e-01  6.69811687e-02 
 6.26000000e-01  6.73422101e-02 
 6.27000000e-01  6.77065218e-02 
 6.28000000e-01  6.80741014e-02 
 6.29000000e-01  6.84449457e-02 
 6.30000000e-01  6.88190512e-02 
 6.31000000e-01  6.91964139e-02 
 6.32000000e-01  6.95770294e-02 
 6.33000000e-01  6.99608925e-02 
 6.34000000e-01  7.03479978e-02 
 6.35000000e-01  7.07383394e-02 
 6.36000000e-01  7.11319108e-02 
 6.37000000e-01  7.15287051e-02 
 6.38000000e-01  7.19287150e-02 
 6.39000000e-01  7.23319325e-02 
 6.40000000e-01  7.27383494e-02 
 6.41000000e-01  7.31479569e-02 
 6.42000000e-01  7.35607457e-02 
 6.43000000e-01  7.39767062e-02 
 6.44000000e-01  7.43958283e-02 
 6.45000000e-01  7.48181014e-02 
 6.46000000e-01  7.52435144e-02 
 6.47000000e-01  7.56720560e-02 
 6.48000000e-01  7.61037142e-02 
 6.49000000e-01  7.65384768e-02 
 6.50000000e-01  7.69763309e-02 
 6.51000000e-01  7.74172636e-02 
 6.52000000e-01  7.78612613e-02 
 6.53000000e-01  7.83083100e-02 
 6.54000000e-01  7.87583954e-02 
 6.55000000e-01  7.92115028e-02 
 6.56000000e-01  7.96676170e-02 
 6.57000000e-01  8.01267227e-02 
 6.58000000e-01  8.05888039e-02 
 6.59000000e-01  8.10538444e-02 
 6.60000000e-01  8.15218277e-02 
 6.61000000e-01  8.19927368e-02 
 6.62000000e-01  8.24665545e-02 
 6.63000000e-01  8.29432632e-02 
 6.64000000e-01  8.34228449e-02 
 6.65000000e-01  8.39052814e-02 
 6.66000000e-01  8.43905541e-02 
 6.67000000e-01  8.48786442e-02 
 6.68000000e-01  8.53695325e-02 
 6.69000000e-01  8.58631995e-02 
 6.70000000e-01  8.63596254e-02 
 6.71000000e-01  8.68587904e-02 
 6.72000000e-01  8.73606739e-02 
 6.73000000e-01  8.78652556e-02 
 6.74000000e-01  8.83725146e-02 
 6.75000000e-01  8.88824297e-02 
 6.76000000e-01  8.93949799e-02 
 6.77000000e-01  8.99101434e-02 
 6.78000000e-01  9.04278985e-02 
 6.79000000e-01  9.09482234e-02 
 6.80000000e-01  9.14710958e-02 
 6.81000000e-01  9.19964933e-02 
 6.82000000e-01  9.25243934e-02 
 6.83000000e-01  9.30547733e-02 
 6.84000000e-01  9.35876102e-02 
 6.85000000e-01  9.41228808e-02 
 6.86000000e-01  9.46605620e-02 
 6.87000000e-01  9.52006304e-02 
 6.88000000e-01  9.57430624e-02 
 6.89000000e-01  9.62878342e-02 
 6.90000000e-01  9.68349222e-02 
 6.91000000e-01  9.73843023e-02 
 6.92000000e-01  9.79359506e-02 
 6.93000000e-01  9.84898427e-02 
 6.94000000e-01  9.90459545e-02 
 6.95000000e-01  9.96042616e-02 
 6.96000000e-01  1.00164740e-01 
 6.97000000e-01  1.00727364e-01 
 6.98000000e-01  1.01292110e-01 
 6.99000000e-01  1.01858953e-01 
 7.00000000e-01  1.02427869e-01 
 7.01000000e-01  1.02998832e-01 
 7.02000000e-01  1.03571818e-01 
 7.03000000e-01  1.04146802e-01 
 7.04000000e-01  1.04723759e-01 
 7.05000000e-01  1.05302664e-01 
 7.06000000e-01  1.05883492e-01 
 7.07000000e-01  1.06466219e-01 
 7.08000000e-01  1.07050820e-01 
 7.09000000e-01  1.07637268e-01 
 7.10000000e-01  1.08225541e-01 
 7.11000000e-01  1.08815612e-01 
 7.12000000e-01  1.09407457e-01 
 7.13000000e-01  1.10001051e-01 
 7.14000000e-01  1.10596369e-01 
 7.15000000e-01  1.11193386e-01 
 7.16000000e-01  1.11792078e-01 
 7.17000000e-01  1.12392420e-01 
 7.18000000e-01  1.12994388e-01 
 7.19000000e-01  1.13597956e-01 
 7.20000000e-01  1.14203100e-01 
 7.21000000e-01  1.14809796e-01 
 7.22000000e-01  1.15418019e-01 
 7.23000000e-01  1.16027746e-01 
 7.24000000e-01  1.16638951e-01 
 7.25000000e-01  1.17251611e-01 
 7.26000000e-01  1.17865702e-01 
 7.27000000e-01  1.18481200e-01 
 7.28000000e-01  1.19098080e-01 
 7.29000000e-01  1.19716321e-01 
 7.30000000e-01  1.20335896e-01 
 7.31000000e-01  1.20956784e-01 
 7.32000000e-01  1.21578961e-01 
 7.33000000e-01  1.22202403e-01 
 7.34000000e-01  1.22827087e-01 
 7.35000000e-01  1.23452991e-01 
 7.36000000e-01  1.24080092e-01 
 7.37000000e-01  1.24708366e-01 
 7.38000000e-01  1.25337791e-01 
 7.39000000e-01  1.25968345e-01 
 7.40000000e-01  1.26600005e-01 
 7.41000000e-01  1.27232750e-01 
 7.42000000e-01  1.27866556e-01 
 7.43000000e-01  1.28501403e-01 
 7.44000000e-01  1.29137268e-01 
 7.45000000e-01  1.29774131e-01 
 7.46000000e-01  1.30411968e-01 
 7.47000000e-01  1.31050760e-01 
 7.48000000e-01  1.31690486e-01 
 7.49000000e-01  1.32331123e-01 
 7.50000000e-01  1.32972652e-01 
 7.51000000e-01  1.33615052e-01 
 7.52000000e-01  1.34258302e-01 
 7.53000000e-01  1.34902383e-01 
 7.54000000e-01  1.35547274e-01 
 7.55000000e-01  1.36192955e-01 
 7.56000000e-01  1.36839406e-01 
 7.57000000e-01  1.37486608e-01 
 7.58000000e-01  1.38134542e-01 
 7.59000000e-01  1.38783189e-01 
 7.60000000e-01  1.39432528e-01 
 7.61000000e-01  1.40082543e-01 
 7.62000000e-01  1.40733213e-01 
 7.63000000e-01  1.41384520e-01 
 7.64000000e-01  1.42036446e-01 
 7.65000000e-01  1.42688974e-01 
 7.66000000e-01  1.43342084e-01 
 7.67000000e-01  1.43995760e-01 
 7.68000000e-01  1.44649984e-01 
 7.69000000e-01  1.45304738e-01 
 7.70000000e-01  1.45960005e-01 
 7.71000000e-01  1.46615768e-01 
 7.72000000e-01  1.47272011e-01 
 7.73000000e-01  1.47928716e-01 
 7.74000000e-01  1.48585868e-01 
 7.75000000e-01  1.49243450e-01 
 7.76000000e-01  1.49901446e-01 
 7.77000000e-01  1.50559839e-01 
 7.78000000e-01  1.51218616e-01 
 7.79000000e-01  1.51877759e-01 
 7.80000000e-01  1.52537253e-01 
 7.81000000e-01  1.53197084e-01 
 7.82000000e-01  1.53857236e-01 
 7.83000000e-01  1.54517695e-01 
 7.84000000e-01  1.55178446e-01 
 7.85000000e-01  1.55839475e-01 
 7.86000000e-01  1.56500766e-01 
 7.87000000e-01  1.57162307e-01 
 7.88000000e-01  1.57824084e-01 
 7.89000000e-01  1.58486082e-01 
 7.90000000e-01  1.59148289e-01 
 7.91000000e-01  1.59810690e-01 
 7.92000000e-01  1.60473273e-01 
 7.93000000e-01  1.61136024e-01 
 7.94000000e-01  1.61798932e-01 
 7.95000000e-01  1.62461982e-01 
 7.96000000e-01  1.63125163e-01 
 7.97000000e-01  1.63788463e-01 
 7.98000000e-01  1.64451869e-01 
 7.99000000e-01  1.65115369e-01 
 8.00000000e-01  1.65778952e-01 
 8.01000000e-01  1.66442606e-01 
 8.02000000e-01  1.67106319e-01 
 8.03000000e-01  1.67770080e-01 
 8.04000000e-01  1.68433879e-01 
 8.05000000e-01  1.69097703e-01 
 8.06000000e-01  1.69761543e-01 
 8.07000000e-01  1.70425387e-01 
 8.08000000e-01  1.71089225e-01 
 8.09000000e-01  1.71753047e-01 
 8.10000000e-01  1.72416843e-01 
 8.11000000e-01  1.73080602e-01 
 8.12000000e-01  1.73744315e-01 
 8.13000000e-01  1.74407972e-01 
 8.14000000e-01  1.75071564e-01 
 8.15000000e-01  1.75735080e-01 
 8.16000000e-01  1.76398512e-01 
 8.17000000e-01  1.77061851e-01 
 8.18000000e-01  1.77725087e-01 
 8.19000000e-01  1.78388213e-01 
 8.20000000e-01  1.79051218e-01 
 8.21000000e-01  1.79714095e-01 
 8.22000000e-01  1.80376835e-01 
 8.23000000e-01  1.81039430e-01 
 8.24000000e-01  1.81701872e-01 
 8.25000000e-01  1.82364153e-01 
 8.26000000e-01  1.83026264e-01 
 8.27000000e-01  1.83688199e-01 
 8.28000000e-01  1.84349950e-01 
 8.29000000e-01  1.85011508e-01 
 8.30000000e-01  1.85672868e-01 
 8.31000000e-01  1.86334021e-01 
 8.32000000e-01  1.86994960e-01 
 8.33000000e-01  1.87655679e-01 
 8.34000000e-01  1.88316171e-01 
 8.35000000e-01  1.88976429e-01 
 8.36000000e-01  1.89636446e-01 
 8.37000000e-01  1.90296216e-01 
 8.38000000e-01  1.90955733e-01 
 8.39000000e-01  1.91614990e-01 
 8.40000000e-01  1.92273981e-01 
 8.41000000e-01  1.92932701e-01 
 8.42000000e-01  1.93591142e-01 
 8.43000000e-01  1.94249300e-01 
 8.44000000e-01  1.94907169e-01 
 8.45000000e-01  1.95564743e-01 
 8.46000000e-01  1.96222017e-01 
 8.47000000e-01  1.96878986e-01 
 8.48000000e-01  1.97535643e-01 
 8.49000000e-01  1.98191984e-01 
 8.50000000e-01  1.98848005e-01 
 8.51000000e-01  1.99503699e-01 
 8.52000000e-01  2.00159062e-01 
 8.53000000e-01  2.00814090e-01 
 8.54000000e-01  2.01468777e-01 
 8.55000000e-01  2.02123119e-01 
 8.56000000e-01  2.02777112e-01 
 8.57000000e-01  2.03430751e-01 
 8.58000000e-01  2.04084032e-01 
 8.59000000e-01  2.04736951e-01 
 8.60000000e-01  2.05389503e-01 
 8.61000000e-01  2.06041685e-01 
 8.62000000e-01  2.06693492e-01 
 8.63000000e-01  2.07344921e-01 
 8.64000000e-01  2.07995968e-01 
 8.65000000e-01  2.08646629e-01 
 8.66000000e-01  2.09296900e-01 
 8.67000000e-01  2.09946779e-01 
 8.68000000e-01  2.10596261e-01 
 8.69000000e-01  2.11245344e-01 
 8.70000000e-01  2.11894023e-01 
 8.71000000e-01  2.12542296e-01 
 8.72000000e-01  2.13190160e-01 
 8.73000000e-01  2.13837611e-01 
 8.74000000e-01  2.14484646e-01 
 8.75000000e-01  2.15131263e-01 
 8.76000000e-01  2.15777459e-01 
 8.77000000e-01  2.16423230e-01 
 8.78000000e-01  2.17068574e-01 
 8.79000000e-01  2.17713489e-01 
 8.80000000e-01  2.18357971e-01 
 8.81000000e-01  2.19002019e-01 
 8.82000000e-01  2.19645629e-01 
 8.83000000e-01  2.20288799e-01 
 8.84000000e-01  2.20931528e-01 
 8.85000000e-01  2.21573812e-01 
 8.86000000e-01  2.22215650e-01 
 8.87000000e-01  2.22857039e-01 
 8.88000000e-01  2.23497977e-01 
 8.89000000e-01  2.24138462e-01 
 8.90000000e-01  2.24778492e-01 
 8.91000000e-01  2.25418066e-01 
 8.92000000e-01  2.26057180e-01 
 8.93000000e-01  2.26695834e-01 
 8.94000000e-01  2.27334026e-01 
 8.95000000e-01  2.27971753e-01 
 8.96000000e-01  2.28609014e-01 
 8.97000000e-01  2.29245808e-01 
 8.98000000e-01  2.29882133e-01 
 8.99000000e-01  2.30517988e-01 
 9.00000000e-01  2.31153370e-01 
 9.01000000e-01  2.31788278e-01 
 9.02000000e-01  2.32422712e-01 
 9.03000000e-01  2.33056669e-01 
 9.04000000e-01  2.33690149e-01 
 9.05000000e-01  2.34323149e-01 
 9.06000000e-01  2.34955670e-01 
 9.07000000e-01  2.35587709e-01 
 9.08000000e-01  2.36219266e-01 
 9.09000000e-01  2.36850339e-01 
 9.10000000e-01  2.37480927e-01 
 9.11000000e-01  2.38111030e-01 
 9.12000000e-01  2.38740646e-01 
 9.13000000e-01  2.39369774e-01 
 9.14000000e-01  2.39998414e-01 
 9.15000000e-01  2.40626565e-01 
 9.16000000e-01  2.41254225e-01 
 9.17000000e-01  2.41881394e-01 
 9.18000000e-01  2.42508071e-01 
 9.19000000e-01  2.43134256e-01 
 9.20000000e-01  2.43759947e-01 
 9.21000000e-01  2.44385145e-01 
 9.22000000e-01  2.45009848e-01 
 9.23000000e-01  2.45634055e-01 
 9.24000000e-01  2.46257767e-01 
 9.25000000e-01  2.46880983e-01 
 9.26000000e-01  2.47503701e-01 
 9.27000000e-01  2.48125923e-01 
 9.28000000e-01  2.48747646e-01 
 9.29000000e-01  2.49368872e-01 
 9.30000000e-01  2.49989598e-01 
 9.31000000e-01  2.50609826e-01 
 9.32000000e-01  2.51229554e-01 
 9.33000000e-01  2.51848783e-01 
 9.34000000e-01  2.52467511e-01 
 9.35000000e-01  2.53085740e-01 
 9.36000000e-01  2.53703468e-01 
 9.37000000e-01  2.54320695e-01 
 9.38000000e-01  2.54937421e-01 
 9.39000000e-01  2.55553646e-01 
 9.40000000e-01  2.56169370e-01 
 9.41000000e-01  2.56784592e-01 
 9.42000000e-01  2.57399313e-01 
 9.43000000e-01  2.58013533e-01 
 9.44000000e-01  2.58627250e-01 
 9.45000000e-01  2.59240466e-01 
 9.46000000e-01  2.59853180e-01 
 9.47000000e-01  2.60465393e-01 
 9.48000000e-01  2.61077104e-01 
 9.49000000e-01  2.61688313e-01 
 9.50000000e-01  2.62299020e-01 
 9.51000000e-01  2.62909226e-01 
 9.52000000e-01  2.63518930e-01 
 9.53000000e-01  2.64128133e-01 
 9.54000000e-01  2.64736835e-01 
 9.55000000e-01  2.65345035e-01 
 9.56000000e-01  2.65952735e-01 
 9.57000000e-01  2.66559934e-01 
 9.58000000e-01  2.67166632e-01 
 9.59000000e-01  2.67772830e-01 
 9.60000000e-01  2.68378527e-01 
 9.61000000e-01  2.68983725e-01 
 9.62000000e-01  2.69588423e-01 
 9.63000000e-01  2.70192621e-01 
 9.64000000e-01  2.70796320e-01 
 9.65000000e-01  2.71399521e-01 
 9.66000000e-01  2.72002223e-01 
 9.67000000e-01  2.72604426e-01 
 9.68000000e-01  2.73206132e-01 
 9.69000000e-01  2.73807340e-01 
 9.70000000e-01  2.74408051e-01 
 9.71000000e-01  2.75008264e-01 
 9.72000000e-01  2.75607982e-01 
 9.73000000e-01  2.76207203e-01 
 9.74000000e-01  2.76805929e-01 
 9.75000000e-01  2.77404159e-01 
 9.76000000e-01  2.78001895e-01 
 9.77000000e-01  2.78599136e-01 
 9.78000000e-01  2.79195883e-01 
 9.79000000e-01  2.79792136e-01 
 9.80000000e-01  2.80387897e-01 
 9.81000000e-01  2.80983165e-01 
 9.82000000e-01  2.81577940e-01 
 9.83000000e-01  2.82172225e-01 
 9.84000000e-01  2.82766018e-01 
 9.85000000e-01  2.83359320e-01 
 9.86000000e-01  2.83952132e-01 
 9.87000000e-01  2.84544455e-01 
 9.88000000e-01  2.85136289e-01 
 9.89000000e-01  2.85727634e-01 
 9.90000000e-01  2.86318492e-01 
 9.91000000e-01  2.86908862e-01 
 9.92000000e-01  2.87498745e-01 
 9.93000000e-01  2.88088142e-01 
 9.94000000e-01  2.88677053e-01 
 9.95000000e-01  2.89265480e-01 
 9.96000000e-01  2.89853421e-01 
 9.97000000e-01  2.90440879e-01 
 9.98000000e-01  2.91027854e-01 
 9.99000000e-01  2.91614346e-01 
 1.00000000e+00  2.92200356e-01 
