 0.00000000e+00 -2.03862753e-14 
 1.00000000e-03  1.00000000e-03 
 2.00000000e-03  2.00000000e-03 
 3.00000000e-03  3.00000000e-03 
 4.00000000e-03  4.00000000e-03 
 5.00000000e-03  5.00000000e-03 
 6.00000000e-03  6.00000000e-03 
 7.00000000e-03  7.00000000e-03 
 8.00000000e-03  8.00000000e-03 
 9.00000000e-03  9.00000000e-03 
 1.00000000e-02  1.00000000e-02 
 1.10000000e-02  1.10000000e-02 
 1.20000000e-02  1.20000000e-02 
 1.30000000e-02  1.30000000e-02 
 1.40000000e-02  1.40000000e-02 
 1.50000000e-02  1.50000000e-02 
 1.60000000e-02  1.60000000e-02 
 1.70000000e-02  1.70000000e-02 
 1.80000000e-02  1.80000000e-02 
 1.90000000e-02  1.90000000e-02 
 2.00000000e-02  2.00000000e-02 
 2.10000000e-02  2.10000000e-02 
 2.20000000e-02  2.20000000e-02 
 2.30000000e-02  2.30000000e-02 
 2.40000000e-02  2.40000000e-02 
 2.50000000e-02  2.50000000e-02 
 2.60000000e-02  2.60000000e-02 
 2.70000000e-02  2.70000000e-02 
 2.80000000e-02  2.80000000e-02 
 2.90000000e-02  2.90000000e-02 
 3.00000000e-02  3.00000000e-02 
 3.10000000e-02  3.10000000e-02 
 3.20000000e-02  3.20000000e-02 
 3.30000000e-02  3.30000000e-02 
 3.40000000e-02  3.40000000e-02 
 3.50000000e-02  3.50000000e-02 
 3.60000000e-02  3.60000000e-02 
 3.70000000e-02  3.70000000e-02 
 3.80000000e-02  3.80000000e-02 
 3.90000000e-02  3.90000000e-02 
 4.00000000e-02  4.00000000e-02 
 4.10000000e-02  4.10000000e-02 
 4.20000000e-02  4.20000000e-02 
 4.30000000e-02  4.30000000e-02 
 4.40000000e-02  4.40000000e-02 
 4.50000000e-02  4.50000000e-02 
 4.60000000e-02  4.60000000e-02 
 4.70000000e-02  4.70000000e-02 
 4.80000000e-02  4.80000000e-02 
 4.90000000e-02  4.90000000e-02 
 5.00000000e-02  5.00000000e-02 
 5.10000000e-02  5.10000000e-02 
 5.20000000e-02  5.20000000e-02 
 5.30000000e-02  5.30000000e-02 
 5.40000000e-02  5.40000000e-02 
 5.50000000e-02  5.50000000e-02 
 5.60000000e-02  5.60000000e-02 
 5.70000000e-02  5.70000000e-02 
 5.80000000e-02  5.80000000e-02 
 5.90000000e-02  5.90000000e-02 
 6.00000000e-02  6.00000000e-02 
 6.10000000e-02  6.10000000e-02 
 6.20000000e-02  6.20000000e-02 
 6.30000000e-02  6.30000000e-02 
 6.40000000e-02  6.40000000e-02 
 6.50000000e-02  6.50000000e-02 
 6.60000000e-02  6.60000000e-02 
 6.70000000e-02  6.70000000e-02 
 6.80000000e-02  6.80000000e-02 
 6.90000000e-02  6.90000000e-02 
 7.00000000e-02  7.00000000e-02 
 7.10000000e-02  7.10000000e-02 
 7.20000000e-02  7.20000000e-02 
 7.30000000e-02  7.30000000e-02 
 7.40000000e-02  7.40000000e-02 
 7.50000000e-02  7.50000000e-02 
 7.60000000e-02  7.60000000e-02 
 7.70000000e-02  7.70000000e-02 
 7.80000000e-02  7.80000000e-02 
 7.90000000e-02  7.90000000e-02 
 8.00000000e-02  8.00000000e-02 
 8.10000000e-02  8.10000000e-02 
 8.20000000e-02  8.20000000e-02 
 8.30000000e-02  8.30000000e-02 
 8.40000000e-02  8.40000000e-02 
 8.50000000e-02  8.50000000e-02 
 8.60000000e-02  8.60000000e-02 
 8.70000000e-02  8.70000000e-02 
 8.80000000e-02  8.80000000e-02 
 8.90000000e-02  8.90000000e-02 
 9.00000000e-02  9.00000000e-02 
 9.10000000e-02  9.10000000e-02 
 9.20000000e-02  9.20000000e-02 
 9.30000000e-02  9.30000000e-02 
 9.40000000e-02  9.40000000e-02 
 9.50000000e-02  9.50000000e-02 
 9.60000000e-02  9.60000000e-02 
 9.70000000e-02  9.70000000e-02 
 9.80000000e-02  9.80000000e-02 
 9.90000000e-02  9.90000000e-02 
 1.00000000e-01  1.00000000e-01 
 1.01000000e-01  1.01000000e-01 
 1.02000000e-01  1.02000000e-01 
 1.03000000e-01  1.03000000e-01 
 1.04000000e-01  1.04000000e-01 
 1.05000000e-01  1.05000000e-01 
 1.06000000e-01  1.06000000e-01 
 1.07000000e-01  1.07000000e-01 
 1.08000000e-01  1.08000000e-01 
 1.09000000e-01  1.09000000e-01 
 1.10000000e-01  1.10000000e-01 
 1.11000000e-01  1.11000000e-01 
 1.12000000e-01  1.12000000e-01 
 1.13000000e-01  1.13000000e-01 
 1.14000000e-01  1.14000000e-01 
 1.15000000e-01  1.15000000e-01 
 1.16000000e-01  1.16000000e-01 
 1.17000000e-01  1.17000000e-01 
 1.18000000e-01  1.18000000e-01 
 1.19000000e-01  1.19000000e-01 
 1.20000000e-01  1.20000000e-01 
 1.21000000e-01  1.21000000e-01 
 1.22000000e-01  1.22000000e-01 
 1.23000000e-01  1.23000000e-01 
 1.24000000e-01  1.24000000e-01 
 1.25000000e-01  1.25000000e-01 
 1.26000000e-01  1.26000000e-01 
 1.27000000e-01  1.27000000e-01 
 1.28000000e-01  1.28000000e-01 
 1.29000000e-01  1.29000000e-01 
 1.30000000e-01  1.30000000e-01 
 1.31000000e-01  1.31000000e-01 
 1.32000000e-01  1.32000000e-01 
 1.33000000e-01  1.33000000e-01 
 1.34000000e-01  1.34000000e-01 
 1.35000000e-01  1.35000000e-01 
 1.36000000e-01  1.36000000e-01 
 1.37000000e-01  1.37000000e-01 
 1.38000000e-01  1.38000000e-01 
 1.39000000e-01  1.39000000e-01 
 1.40000000e-01  1.40000000e-01 
 1.41000000e-01  1.41000000e-01 
 1.42000000e-01  1.42000000e-01 
 1.43000000e-01  1.43000000e-01 
 1.44000000e-01  1.44000000e-01 
 1.45000000e-01  1.45000000e-01 
 1.46000000e-01  1.46000000e-01 
 1.47000000e-01  1.47000000e-01 
 1.48000000e-01  1.48000000e-01 
 1.49000000e-01  1.49000000e-01 
 1.50000000e-01  1.50000000e-01 
 1.51000000e-01  1.51000000e-01 
 1.52000000e-01  1.52000000e-01 
 1.53000000e-01  1.53000000e-01 
 1.54000000e-01  1.54000000e-01 
 1.55000000e-01  1.55000000e-01 
 1.56000000e-01  1.56000000e-01 
 1.57000000e-01  1.57000000e-01 
 1.58000000e-01  1.58000000e-01 
 1.59000000e-01  1.59000000e-01 
 1.60000000e-01  1.60000000e-01 
 1.61000000e-01  1.61000000e-01 
 1.62000000e-01  1.62000000e-01 
 1.63000000e-01  1.63000000e-01 
 1.64000000e-01  1.64000000e-01 
 1.65000000e-01  1.65000000e-01 
 1.66000000e-01  1.66000000e-01 
 1.67000000e-01  1.67000000e-01 
 1.68000000e-01  1.68000000e-01 
 1.69000000e-01  1.69000000e-01 
 1.70000000e-01  1.70000000e-01 
 1.71000000e-01  1.71000000e-01 
 1.72000000e-01  1.72000000e-01 
 1.73000000e-01  1.73000000e-01 
 1.74000000e-01  1.74000000e-01 
 1.75000000e-01  1.75000000e-01 
 1.76000000e-01  1.76000000e-01 
 1.77000000e-01  1.77000000e-01 
 1.78000000e-01  1.78000000e-01 
 1.79000000e-01  1.79000000e-01 
 1.80000000e-01  1.80000000e-01 
 1.81000000e-01  1.81000000e-01 
 1.82000000e-01  1.82000000e-01 
 1.83000000e-01  1.83000000e-01 
 1.84000000e-01  1.84000000e-01 
 1.85000000e-01  1.85000000e-01 
 1.86000000e-01  1.86000000e-01 
 1.87000000e-01  1.87000000e-01 
 1.88000000e-01  1.88000000e-01 
 1.89000000e-01  1.89000000e-01 
 1.90000000e-01  1.90000000e-01 
 1.91000000e-01  1.91000000e-01 
 1.92000000e-01  1.92000000e-01 
 1.93000000e-01  1.93000000e-01 
 1.94000000e-01  1.94000000e-01 
 1.95000000e-01  1.95000000e-01 
 1.96000000e-01  1.96000000e-01 
 1.97000000e-01  1.97000000e-01 
 1.98000000e-01  1.98000000e-01 
 1.99000000e-01  1.99000000e-01 
 2.00000000e-01  2.00000000e-01 
 2.01000000e-01  2.01000000e-01 
 2.02000000e-01  2.02000000e-01 
 2.03000000e-01  2.03000000e-01 
 2.04000000e-01  2.04000000e-01 
 2.05000000e-01  2.05000000e-01 
 2.06000000e-01  2.06000000e-01 
 2.07000000e-01  2.07000000e-01 
 2.08000000e-01  2.08000000e-01 
 2.09000000e-01  2.09000000e-01 
 2.10000000e-01  2.10000000e-01 
 2.11000000e-01  2.11000000e-01 
 2.12000000e-01  2.12000000e-01 
 2.13000000e-01  2.13000000e-01 
 2.14000000e-01  2.14000000e-01 
 2.15000000e-01  2.15000000e-01 
 2.16000000e-01  2.16000000e-01 
 2.17000000e-01  2.17000000e-01 
 2.18000000e-01  2.18000000e-01 
 2.19000000e-01  2.19000000e-01 
 2.20000000e-01  2.20000000e-01 
 2.21000000e-01  2.21000000e-01 
 2.22000000e-01  2.22000000e-01 
 2.23000000e-01  2.23000000e-01 
 2.24000000e-01  2.24000000e-01 
 2.25000000e-01  2.25000000e-01 
 2.26000000e-01  2.26000000e-01 
 2.27000000e-01  2.27000000e-01 
 2.28000000e-01  2.28000000e-01 
 2.29000000e-01  2.29000000e-01 
 2.30000000e-01  2.30000000e-01 
 2.31000000e-01  2.31000000e-01 
 2.32000000e-01  2.32000000e-01 
 2.33000000e-01  2.33000000e-01 
 2.34000000e-01  2.34000000e-01 
 2.35000000e-01  2.35000000e-01 
 2.36000000e-01  2.36000000e-01 
 2.37000000e-01  2.37000000e-01 
 2.38000000e-01  2.38000000e-01 
 2.39000000e-01  2.39000000e-01 
 2.40000000e-01  2.40000000e-01 
 2.41000000e-01  2.41000000e-01 
 2.42000000e-01  2.42000000e-01 
 2.43000000e-01  2.43000000e-01 
 2.44000000e-01  2.44000000e-01 
 2.45000000e-01  2.45000000e-01 
 2.46000000e-01  2.46000000e-01 
 2.47000000e-01  2.47000000e-01 
 2.48000000e-01  2.48000000e-01 
 2.49000000e-01  2.49000000e-01 
 2.50000000e-01  2.50000000e-01 
 2.51000000e-01  2.51000000e-01 
 2.52000000e-01  2.52000000e-01 
 2.53000000e-01  2.53000000e-01 
 2.54000000e-01  2.54000000e-01 
 2.55000000e-01  2.55000000e-01 
 2.56000000e-01  2.56000000e-01 
 2.57000000e-01  2.57000000e-01 
 2.58000000e-01  2.58000000e-01 
 2.59000000e-01  2.59000000e-01 
 2.60000000e-01  2.60000000e-01 
 2.61000000e-01  2.61000000e-01 
 2.62000000e-01  2.62000000e-01 
 2.63000000e-01  2.63000000e-01 
 2.64000000e-01  2.64000000e-01 
 2.65000000e-01  2.65000000e-01 
 2.66000000e-01  2.66000000e-01 
 2.67000000e-01  2.67000000e-01 
 2.68000000e-01  2.68000000e-01 
 2.69000000e-01  2.69000000e-01 
 2.70000000e-01  2.70000000e-01 
 2.71000000e-01  2.71000000e-01 
 2.72000000e-01  2.72000000e-01 
 2.73000000e-01  2.73000000e-01 
 2.74000000e-01  2.74000000e-01 
 2.75000000e-01  2.75000000e-01 
 2.76000000e-01  2.76000000e-01 
 2.77000000e-01  2.77000000e-01 
 2.78000000e-01  2.78000000e-01 
 2.79000000e-01  2.79000000e-01 
 2.80000000e-01  2.80000000e-01 
 2.81000000e-01  2.81000000e-01 
 2.82000000e-01  2.82000000e-01 
 2.83000000e-01  2.83000000e-01 
 2.84000000e-01  2.84000000e-01 
 2.85000000e-01  2.85000000e-01 
 2.86000000e-01  2.86000000e-01 
 2.87000000e-01  2.87000000e-01 
 2.88000000e-01  2.88000000e-01 
 2.89000000e-01  2.89000000e-01 
 2.90000000e-01  2.90000000e-01 
 2.91000000e-01  2.91000000e-01 
 2.92000000e-01  2.92000000e-01 
 2.93000000e-01  2.93000000e-01 
 2.94000000e-01  2.94000000e-01 
 2.95000000e-01  2.95000000e-01 
 2.96000000e-01  2.96000000e-01 
 2.97000000e-01  2.97000000e-01 
 2.98000000e-01  2.98000000e-01 
 2.99000000e-01  2.99000000e-01 
 3.00000000e-01  3.00000000e-01 
 3.01000000e-01  3.01000000e-01 
 3.02000000e-01  3.02000000e-01 
 3.03000000e-01  3.03000000e-01 
 3.04000000e-01  3.04000000e-01 
 3.05000000e-01  3.05000000e-01 
 3.06000000e-01  3.06000000e-01 
 3.07000000e-01  3.07000000e-01 
 3.08000000e-01  3.08000000e-01 
 3.09000000e-01  3.09000000e-01 
 3.10000000e-01  3.10000000e-01 
 3.11000000e-01  3.11000000e-01 
 3.12000000e-01  3.12000000e-01 
 3.13000000e-01  3.13000000e-01 
 3.14000000e-01  3.14000000e-01 
 3.15000000e-01  3.15000000e-01 
 3.16000000e-01  3.16000000e-01 
 3.17000000e-01  3.17000000e-01 
 3.18000000e-01  3.18000000e-01 
 3.19000000e-01  3.19000000e-01 
 3.20000000e-01  3.20000000e-01 
 3.21000000e-01  3.21000000e-01 
 3.22000000e-01  3.22000000e-01 
 3.23000000e-01  3.23000000e-01 
 3.24000000e-01  3.24000000e-01 
 3.25000000e-01  3.25000000e-01 
 3.26000000e-01  3.26000000e-01 
 3.27000000e-01  3.27000000e-01 
 3.28000000e-01  3.28000000e-01 
 3.29000000e-01  3.29000000e-01 
 3.30000000e-01  3.30000000e-01 
 3.31000000e-01  3.31000000e-01 
 3.32000000e-01  3.32000000e-01 
 3.33000000e-01  3.33000000e-01 
 3.34000000e-01  3.34000000e-01 
 3.35000000e-01  3.35000000e-01 
 3.36000000e-01  3.36000000e-01 
 3.37000000e-01  3.37000000e-01 
 3.38000000e-01  3.38000000e-01 
 3.39000000e-01  3.39000000e-01 
 3.40000000e-01  3.40000000e-01 
 3.41000000e-01  3.41000000e-01 
 3.42000000e-01  3.42000000e-01 
 3.43000000e-01  3.43000000e-01 
 3.44000000e-01  3.44000000e-01 
 3.45000000e-01  3.45000000e-01 
 3.46000000e-01  3.46000000e-01 
 3.47000000e-01  3.47000000e-01 
 3.48000000e-01  3.48000000e-01 
 3.49000000e-01  3.49000000e-01 
 3.50000000e-01  3.50000000e-01 
 3.51000000e-01  3.51000000e-01 
 3.52000000e-01  3.52000000e-01 
 3.53000000e-01  3.53000000e-01 
 3.54000000e-01  3.54000000e-01 
 3.55000000e-01  3.55000000e-01 
 3.56000000e-01  3.56000000e-01 
 3.57000000e-01  3.57000000e-01 
 3.58000000e-01  3.58000000e-01 
 3.59000000e-01  3.59000000e-01 
 3.60000000e-01  3.60000000e-01 
 3.61000000e-01  3.61000000e-01 
 3.62000000e-01  3.62000000e-01 
 3.63000000e-01  3.63000000e-01 
 3.64000000e-01  3.64000000e-01 
 3.65000000e-01  3.65000000e-01 
 3.66000000e-01  3.66000000e-01 
 3.67000000e-01  3.67000000e-01 
 3.68000000e-01  3.68000000e-01 
 3.69000000e-01  3.69000000e-01 
 3.70000000e-01  3.70000000e-01 
 3.71000000e-01  3.71000000e-01 
 3.72000000e-01  3.72000000e-01 
 3.73000000e-01  3.73000000e-01 
 3.74000000e-01  3.74000000e-01 
 3.75000000e-01  3.75000000e-01 
 3.76000000e-01  3.76000000e-01 
 3.77000000e-01  3.77000000e-01 
 3.78000000e-01  3.77999999e-01 
 3.79000000e-01  3.78999999e-01 
 3.80000000e-01  3.79999999e-01 
 3.81000000e-01  3.80999999e-01 
 3.82000000e-01  3.81999999e-01 
 3.83000000e-01  3.82999999e-01 
 3.84000000e-01  3.83999999e-01 
 3.85000000e-01  3.84999999e-01 
 3.86000000e-01  3.85999999e-01 
 3.87000000e-01  3.86999999e-01 
 3.88000000e-01  3.87999999e-01 
 3.89000000e-01  3.88999999e-01 
 3.90000000e-01  3.89999999e-01 
 3.91000000e-01  3.90999999e-01 
 3.92000000e-01  3.91999999e-01 
 3.93000000e-01  3.92999999e-01 
 3.94000000e-01  3.93999999e-01 
 3.95000000e-01  3.94999999e-01 
 3.96000000e-01  3.95999999e-01 
 3.97000000e-01  3.96999999e-01 
 3.98000000e-01  3.97999999e-01 
 3.99000000e-01  3.98999999e-01 
 4.00000000e-01  3.99999999e-01 
 4.01000000e-01  4.00999999e-01 
 4.02000000e-01  4.01999999e-01 
 4.03000000e-01  4.02999999e-01 
 4.04000000e-01  4.03999999e-01 
 4.05000000e-01  4.04999999e-01 
 4.06000000e-01  4.05999999e-01 
 4.07000000e-01  4.06999999e-01 
 4.08000000e-01  4.07999999e-01 
 4.09000000e-01  4.08999999e-01 
 4.10000000e-01  4.09999999e-01 
 4.11000000e-01  4.10999999e-01 
 4.12000000e-01  4.11999999e-01 
 4.13000000e-01  4.12999999e-01 
 4.14000000e-01  4.13999999e-01 
 4.15000000e-01  4.14999999e-01 
 4.16000000e-01  4.15999999e-01 
 4.17000000e-01  4.16999999e-01 
 4.18000000e-01  4.17999999e-01 
 4.19000000e-01  4.18999999e-01 
 4.20000000e-01  4.19999998e-01 
 4.21000000e-01  4.20999998e-01 
 4.22000000e-01  4.21999998e-01 
 4.23000000e-01  4.22999998e-01 
 4.24000000e-01  4.23999998e-01 
 4.25000000e-01  4.24999998e-01 
 4.26000000e-01  4.25999998e-01 
 4.27000000e-01  4.26999998e-01 
 4.28000000e-01  4.27999998e-01 
 4.29000000e-01  4.28999998e-01 
 4.30000000e-01  4.29999998e-01 
 4.31000000e-01  4.30999998e-01 
 4.32000000e-01  4.31999998e-01 
 4.33000000e-01  4.32999998e-01 
 4.34000000e-01  4.33999998e-01 
 4.35000000e-01  4.34999998e-01 
 4.36000000e-01  4.35999998e-01 
 4.37000000e-01  4.36999998e-01 
 4.38000000e-01  4.37999998e-01 
 4.39000000e-01  4.38999998e-01 
 4.40000000e-01  4.39999998e-01 
 4.41000000e-01  4.40999997e-01 
 4.42000000e-01  4.41999997e-01 
 4.43000000e-01  4.42999997e-01 
 4.44000000e-01  4.43999997e-01 
 4.45000000e-01  4.44999997e-01 
 4.46000000e-01  4.45999997e-01 
 4.47000000e-01  4.46999997e-01 
 4.48000000e-01  4.47999997e-01 
 4.49000000e-01  4.48999997e-01 
 4.50000000e-01  4.49999997e-01 
 4.51000000e-01  4.50999997e-01 
 4.52000000e-01  4.51999997e-01 
 4.53000000e-01  4.52999997e-01 
 4.54000000e-01  4.53999996e-01 
 4.55000000e-01  4.54999996e-01 
 4.56000000e-01  4.55999996e-01 
 4.57000000e-01  4.56999996e-01 
 4.58000000e-01  4.57999996e-01 
 4.59000000e-01  4.58999996e-01 
 4.60000000e-01  4.59999996e-01 
 4.61000000e-01  4.60999996e-01 
 4.62000000e-01  4.61999996e-01 
 4.63000000e-01  4.62999996e-01 
 4.64000000e-01  4.63999996e-01 
 4.65000000e-01  4.64999995e-01 
 4.66000000e-01  4.65999995e-01 
 4.67000000e-01  4.66999995e-01 
 4.68000000e-01  4.67999995e-01 
 4.69000000e-01  4.68999995e-01 
 4.70000000e-01  4.69999995e-01 
 4.71000000e-01  4.70999995e-01 
 4.72000000e-01  4.71999995e-01 
 4.73000000e-01  4.72999994e-01 
 4.74000000e-01  4.73999994e-01 
 4.75000000e-01  4.74999994e-01 
 4.76000000e-01  4.75999994e-01 
 4.77000000e-01  4.76999994e-01 
 4.78000000e-01  4.77999994e-01 
 4.79000000e-01  4.78999994e-01 
 4.80000000e-01  4.79999993e-01 
 4.81000000e-01  4.80999993e-01 
 4.82000000e-01  4.81999993e-01 
 4.83000000e-01  4.82999993e-01 
 4.84000000e-01  4.83999993e-01 
 4.85000000e-01  4.84999993e-01 
 4.86000000e-01  4.85999992e-01 
 4.87000000e-01  4.86999992e-01 
 4.88000000e-01  4.87999992e-01 
 4.89000000e-01  4.88999992e-01 
 4.90000000e-01  4.89999992e-01 
 4.91000000e-01  4.90999991e-01 
 4.92000000e-01  4.91999991e-01 
 4.93000000e-01  4.92999991e-01 
 4.94000000e-01  4.93999991e-01 
 4.95000000e-01  4.94999991e-01 
 4.96000000e-01  4.95999990e-01 
 4.97000000e-01  4.96999990e-01 
 4.98000000e-01  4.97999990e-01 
 4.99000000e-01  4.98999990e-01 
 5.00000000e-01  4.99999989e-01 
 5.01000000e-01  5.00999989e-01 
 5.02000000e-01  5.01999989e-01 
 5.03000000e-01  5.02999989e-01 
 5.04000000e-01  5.03999988e-01 
 5.05000000e-01  5.04999988e-01 
 5.06000000e-01  5.05999988e-01 
 5.07000000e-01  5.06999988e-01 
 5.08000000e-01  5.07999987e-01 
 5.09000000e-01  5.08999987e-01 
 5.10000000e-01  5.09999987e-01 
 5.11000000e-01  5.10999986e-01 
 5.12000000e-01  5.11999986e-01 
 5.13000000e-01  5.12999986e-01 
 5.14000000e-01  5.13999985e-01 
 5.15000000e-01  5.14999985e-01 
 5.16000000e-01  5.15999985e-01 
 5.17000000e-01  5.16999984e-01 
 5.18000000e-01  5.17999984e-01 
 5.19000000e-01  5.18999984e-01 
 5.20000000e-01  5.19999983e-01 
 5.21000000e-01  5.20999983e-01 
 5.22000000e-01  5.21999982e-01 
 5.23000000e-01  5.22999982e-01 
 5.24000000e-01  5.23999982e-01 
 5.25000000e-01  5.24999981e-01 
 5.26000000e-01  5.25999981e-01 
 5.27000000e-01  5.26999980e-01 
 5.28000000e-01  5.27999980e-01 
 5.29000000e-01  5.28999979e-01 
 5.30000000e-01  5.29999979e-01 
 5.31000000e-01  5.30999978e-01 
 5.32000000e-01  5.31999978e-01 
 5.33000000e-01  5.32999977e-01 
 5.34000000e-01  5.33999977e-01 
 5.35000000e-01  5.34999976e-01 
 5.36000000e-01  5.35999976e-01 
 5.37000000e-01  5.36999975e-01 
 5.38000000e-01  5.37999975e-01 
 5.39000000e-01  5.38999974e-01 
 5.40000000e-01  5.39999973e-01 
 5.41000000e-01  5.40999973e-01 
 5.42000000e-01  5.41999972e-01 
 5.43000000e-01  5.42999972e-01 
 5.44000000e-01  5.43999971e-01 
 5.45000000e-01  5.44999970e-01 
 5.46000000e-01  5.45999970e-01 
 5.47000000e-01  5.46999969e-01 
 5.48000000e-01  5.47999968e-01 
 5.49000000e-01  5.48999968e-01 
 5.50000000e-01  5.49999967e-01 
 5.51000000e-01  5.50999966e-01 
 5.52000000e-01  5.51999965e-01 
 5.53000000e-01  5.52999965e-01 
 5.54000000e-01  5.53999964e-01 
 5.55000000e-01  5.54999963e-01 
 5.56000000e-01  5.55999962e-01 
 5.57000000e-01  5.56999961e-01 
 5.58000000e-01  5.57999960e-01 
 5.59000000e-01  5.58999960e-01 
 5.60000000e-01  5.59999959e-01 
 5.61000000e-01  5.60999958e-01 
 5.62000000e-01  5.61999957e-01 
 5.63000000e-01  5.62999956e-01 
 5.64000000e-01  5.63999955e-01 
 5.65000000e-01  5.64999954e-01 
 5.66000000e-01  5.65999953e-01 
 5.67000000e-01  5.66999952e-01 
 5.68000000e-01  5.67999951e-01 
 5.69000000e-01  5.68999950e-01 
 5.70000000e-01  5.69999949e-01 
 5.71000000e-01  5.70999948e-01 
 5.72000000e-01  5.71999946e-01 
 5.73000000e-01  5.72999945e-01 
 5.74000000e-01  5.73999944e-01 
 5.75000000e-01  5.74999943e-01 
 5.76000000e-01  5.75999942e-01 
 5.77000000e-01  5.76999940e-01 
 5.78000000e-01  5.77999939e-01 
 5.79000000e-01  5.78999938e-01 
 5.80000000e-01  5.79999937e-01 
 5.81000000e-01  5.80999935e-01 
 5.82000000e-01  5.81999934e-01 
 5.83000000e-01  5.82999932e-01 
 5.84000000e-01  5.83999931e-01 
 5.85000000e-01  5.84999929e-01 
 5.86000000e-01  5.85999928e-01 
 5.87000000e-01  5.86999926e-01 
 5.88000000e-01  5.87999925e-01 
 5.89000000e-01  5.88999923e-01 
 5.90000000e-01  5.89999922e-01 
 5.91000000e-01  5.90999920e-01 
 5.92000000e-01  5.91999918e-01 
 5.93000000e-01  5.92999917e-01 
 5.94000000e-01  5.93999915e-01 
 5.95000000e-01  5.94999913e-01 
 5.96000000e-01  5.95999911e-01 
 5.97000000e-01  5.96999909e-01 
 5.98000000e-01  5.97999908e-01 
 5.99000000e-01  5.98999906e-01 
 6.00000000e-01  5.99999904e-01 
 6.01000000e-01  6.00999902e-01 
 6.02000000e-01  6.01999900e-01 
 6.03000000e-01  6.02999898e-01 
 6.04000000e-01  6.03999895e-01 
 6.05000000e-01  6.04999893e-01 
 6.06000000e-01  6.05999891e-01 
 6.07000000e-01  6.06999889e-01 
 6.08000000e-01  6.07999887e-01 
 6.09000000e-01  6.08999884e-01 
 6.10000000e-01  6.09999882e-01 
 6.11000000e-01  6.10999880e-01 
 6.12000000e-01  6.11999877e-01 
 6.13000000e-01  6.12999875e-01 
 6.14000000e-01  6.13999872e-01 
 6.15000000e-01  6.14999870e-01 
 6.16000000e-01  6.15999867e-01 
 6.17000000e-01  6.16999864e-01 
 6.18000000e-01  6.17999862e-01 
 6.19000000e-01  6.18999859e-01 
 6.20000000e-01  6.19999856e-01 
 6.21000000e-01  6.20999853e-01 
 6.22000000e-01  6.21999850e-01 
 6.23000000e-01  6.22999847e-01 
 6.24000000e-01  6.23999844e-01 
 6.25000000e-01  6.24999841e-01 
 6.26000000e-01  6.25999838e-01 
 6.27000000e-01  6.26999835e-01 
 6.28000000e-01  6.27999832e-01 
 6.29000000e-01  6.28999828e-01 
 6.30000000e-01  6.29999825e-01 
 6.31000000e-01  6.30999822e-01 
 6.32000000e-01  6.31999818e-01 
 6.33000000e-01  6.32999815e-01 
 6.34000000e-01  6.33999811e-01 
 6.35000000e-01  6.34999808e-01 
 6.36000000e-01  6.35999804e-01 
 6.37000000e-01  6.36999800e-01 
 6.38000000e-01  6.37999796e-01 
 6.39000000e-01  6.38999793e-01 
 6.40000000e-01  6.39999789e-01 
 6.41000000e-01  6.40999785e-01 
 6.42000000e-01  6.41999781e-01 
 6.43000000e-01  6.42999777e-01 
 6.44000000e-01  6.43999772e-01 
 6.45000000e-01  6.44999768e-01 
 6.46000000e-01  6.45999764e-01 
 6.47000000e-01  6.46999759e-01 
 6.48000000e-01  6.47999755e-01 
 6.49000000e-01  6.48999750e-01 
 6.50000000e-01  6.49999746e-01 
 6.51000000e-01  6.50999741e-01 
 6.52000000e-01  6.51999737e-01 
 6.53000000e-01  6.52999732e-01 
 6.54000000e-01  6.53999727e-01 
 6.55000000e-01  6.54999722e-01 
 6.56000000e-01  6.55999717e-01 
 6.57000000e-01  6.56999712e-01 
 6.58000000e-01  6.57999707e-01 
 6.59000000e-01  6.58999701e-01 
 6.60000000e-01  6.59999696e-01 
 6.61000000e-01  6.60999691e-01 
 6.62000000e-01  6.61999685e-01 
 6.63000000e-01  6.62999680e-01 
 6.64000000e-01  6.63999674e-01 
 6.65000000e-01  6.64999668e-01 
 6.66000000e-01  6.65999663e-01 
 6.67000000e-01  6.66999657e-01 
 6.68000000e-01  6.67999651e-01 
 6.69000000e-01  6.68999645e-01 
 6.70000000e-01  6.69999639e-01 
 6.71000000e-01  6.70999633e-01 
 6.72000000e-01  6.71999626e-01 
 6.73000000e-01  6.72999620e-01 
 6.74000000e-01  6.73999614e-01 
 6.75000000e-01  6.74999607e-01 
 6.76000000e-01  6.75999600e-01 
 6.77000000e-01  6.76999594e-01 
 6.78000000e-01  6.77999587e-01 
 6.79000000e-01  6.78999580e-01 
 6.80000000e-01  6.79999573e-01 
 6.81000000e-01  6.80999566e-01 
 6.82000000e-01  6.81999559e-01 
 6.83000000e-01  6.82999552e-01 
 6.84000000e-01  6.83999544e-01 
 6.85000000e-01  6.84999537e-01 
 6.86000000e-01  6.85999530e-01 
 6.87000000e-01  6.86999522e-01 
 6.88000000e-01  6.87999514e-01 
 6.89000000e-01  6.88999506e-01 
 6.90000000e-01  6.89999499e-01 
 6.91000000e-01  6.90999491e-01 
 6.92000000e-01  6.91999483e-01 
 6.93000000e-01  6.92999474e-01 
 6.94000000e-01  6.93999466e-01 
 6.95000000e-01  6.94999458e-01 
 6.96000000e-01  6.95999449e-01 
 6.97000000e-01  6.96999441e-01 
 6.98000000e-01  6.97999432e-01 
 6.99000000e-01  6.98999423e-01 
 7.00000000e-01  6.99999415e-01 
 7.01000000e-01  7.00999406e-01 
 7.02000000e-01  7.01999397e-01 
 7.03000000e-01  7.02999388e-01 
 7.04000000e-01  7.03999378e-01 
 7.05000000e-01  7.04999369e-01 
 7.06000000e-01  7.05999360e-01 
 7.07000000e-01  7.06999350e-01 
 7.08000000e-01  7.07999340e-01 
 7.09000000e-01  7.08999331e-01 
 7.10000000e-01  7.09999321e-01 
 7.11000000e-01  7.10999311e-01 
 7.12000000e-01  7.11999301e-01 
 7.13000000e-01  7.12999291e-01 
 7.14000000e-01  7.13999280e-01 
 7.15000000e-01  7.14999270e-01 
 7.16000000e-01  7.15999260e-01 
 7.17000000e-01  7.16999249e-01 
 7.18000000e-01  7.17999238e-01 
 7.19000000e-01  7.18999228e-01 
 7.20000000e-01  7.19999217e-01 
 7.21000000e-01  7.20999206e-01 
 7.22000000e-01  7.21999195e-01 
 7.23000000e-01  7.22999183e-01 
 7.24000000e-01  7.23999172e-01 
 7.25000000e-01  7.24999161e-01 
 7.26000000e-01  7.25999149e-01 
 7.27000000e-01  7.26999137e-01 
 7.28000000e-01  7.27999126e-01 
 7.29000000e-01  7.28999114e-01 
 7.30000000e-01  7.29999102e-01 
 7.31000000e-01  7.30999090e-01 
 7.32000000e-01  7.31999078e-01 
 7.33000000e-01  7.32999065e-01 
 7.34000000e-01  7.33999053e-01 
 7.35000000e-01  7.34999041e-01 
 7.36000000e-01  7.35999028e-01 
 7.37000000e-01  7.36999015e-01 
 7.38000000e-01  7.37999002e-01 
 7.39000000e-01  7.38998989e-01 
 7.40000000e-01  7.39998976e-01 
 7.41000000e-01  7.40998963e-01 
 7.42000000e-01  7.41998950e-01 
 7.43000000e-01  7.42998937e-01 
 7.44000000e-01  7.43998923e-01 
 7.45000000e-01  7.44998909e-01 
 7.46000000e-01  7.45998896e-01 
 7.47000000e-01  7.46998882e-01 
 7.48000000e-01  7.47998868e-01 
 7.49000000e-01  7.48998854e-01 
 7.50000000e-01  7.49998840e-01 
 7.51000000e-01  7.50998826e-01 
 7.52000000e-01  7.51998811e-01 
 7.53000000e-01  7.52998797e-01 
 7.54000000e-01  7.53998782e-01 
 7.55000000e-01  7.54998767e-01 
 7.56000000e-01  7.55998753e-01 
 7.57000000e-01  7.56998738e-01 
 7.58000000e-01  7.57998723e-01 
 7.59000000e-01  7.58998707e-01 
 7.60000000e-01  7.59998692e-01 
 7.61000000e-01  7.60998677e-01 
 7.62000000e-01  7.61998661e-01 
 7.63000000e-01  7.62998646e-01 
 7.64000000e-01  7.63998630e-01 
 7.65000000e-01  7.64998614e-01 
 7.66000000e-01  7.65998598e-01 
 7.67000000e-01  7.66998582e-01 
 7.68000000e-01  7.67998566e-01 
 7.69000000e-01  7.68998550e-01 
 7.70000000e-01  7.69998533e-01 
 7.71000000e-01  7.70998517e-01 
 7.72000000e-01  7.71998500e-01 
 7.73000000e-01  7.72998484e-01 
 7.74000000e-01  7.73998467e-01 
 7.75000000e-01  7.74998450e-01 
 7.76000000e-01  7.75998433e-01 
 7.77000000e-01  7.76998416e-01 
 7.78000000e-01  7.77998398e-01 
 7.79000000e-01  7.78998381e-01 
 7.80000000e-01  7.79998364e-01 
 7.81000000e-01  7.80998346e-01 
 7.82000000e-01  7.81998328e-01 
 7.83000000e-01  7.82998310e-01 
 7.84000000e-01  7.83998293e-01 
 7.85000000e-01  7.84998275e-01 
 7.86000000e-01  7.85998256e-01 
 7.87000000e-01  7.86998238e-01 
 7.88000000e-01  7.87998220e-01 
 7.89000000e-01  7.88998201e-01 
 7.90000000e-01  7.89998183e-01 
 7.91000000e-01  7.90998164e-01 
 7.92000000e-01  7.91998145e-01 
 7.93000000e-01  7.92998126e-01 
 7.94000000e-01  7.93998107e-01 
 7.95000000e-01  7.94998088e-01 
 7.96000000e-01  7.95998069e-01 
 7.97000000e-01  7.96998050e-01 
 7.98000000e-01  7.97998030e-01 
 7.99000000e-01  7.98998011e-01 
 8.00000000e-01  7.99997991e-01 
 8.01000000e-01  8.00997971e-01 
 8.02000000e-01  8.01997951e-01 
 8.03000000e-01  8.02997931e-01 
 8.04000000e-01  8.03997911e-01 
 8.05000000e-01  8.04997891e-01 
 8.06000000e-01  8.05997871e-01 
 8.07000000e-01  8.06997850e-01 
 8.08000000e-01  8.07997830e-01 
 8.09000000e-01  8.08997809e-01 
 8.10000000e-01  8.09997788e-01 
 8.11000000e-01  8.10997767e-01 
 8.12000000e-01  8.11997747e-01 
 8.13000000e-01  8.12997725e-01 
 8.14000000e-01  8.13997704e-01 
 8.15000000e-01  8.14997683e-01 
 8.16000000e-01  8.15997662e-01 
 8.17000000e-01  8.16997640e-01 
 8.18000000e-01  8.17997619e-01 
 8.19000000e-01  8.18997597e-01 
 8.20000000e-01  8.19997575e-01 
 8.21000000e-01  8.20997553e-01 
 8.22000000e-01  8.21997531e-01 
 8.23000000e-01  8.22997509e-01 
 8.24000000e-01  8.23997487e-01 
 8.25000000e-01  8.24997465e-01 
 8.26000000e-01  8.25997442e-01 
 8.27000000e-01  8.26997420e-01 
 8.28000000e-01  8.27997397e-01 
 8.29000000e-01  8.28997374e-01 
 8.30000000e-01  8.29997351e-01 
 8.31000000e-01  8.30997328e-01 
 8.32000000e-01  8.31997305e-01 
 8.33000000e-01  8.32997282e-01 
 8.34000000e-01  8.33997259e-01 
 8.35000000e-01  8.34997236e-01 
 8.36000000e-01  8.35997212e-01 
 8.37000000e-01  8.36997189e-01 
 8.38000000e-01  8.37997165e-01 
 8.39000000e-01  8.38997141e-01 
 8.40000000e-01  8.39997117e-01 
 8.41000000e-01  8.40997093e-01 
 8.42000000e-01  8.41997069e-01 
 8.43000000e-01  8.42997045e-01 
 8.44000000e-01  8.43997021e-01 
 8.45000000e-01  8.44996997e-01 
 8.46000000e-01  8.45996972e-01 
 8.47000000e-01  8.46996948e-01 
 8.48000000e-01  8.47996923e-01 
 8.49000000e-01  8.48996898e-01 
 8.50000000e-01  8.49996873e-01 
 8.51000000e-01  8.50996848e-01 
 8.52000000e-01  8.51996823e-01 
 8.53000000e-01  8.52996798e-01 
 8.54000000e-01  8.53996773e-01 
 8.55000000e-01  8.54996747e-01 
 8.56000000e-01  8.55996722e-01 
 8.57000000e-01  8.56996696e-01 
 8.58000000e-01  8.57996671e-01 
 8.59000000e-01  8.58996645e-01 
 8.60000000e-01  8.59996619e-01 
 8.61000000e-01  8.60996593e-01 
 8.62000000e-01  8.61996567e-01 
 8.63000000e-01  8.62996541e-01 
 8.64000000e-01  8.63996515e-01 
 8.65000000e-01  8.64996489e-01 
 8.66000000e-01  8.65996462e-01 
 8.67000000e-01  8.66996436e-01 
 8.68000000e-01  8.67996409e-01 
 8.69000000e-01  8.68996382e-01 
 8.70000000e-01  8.69996355e-01 
 8.71000000e-01  8.70996329e-01 
 8.72000000e-01  8.71996302e-01 
 8.73000000e-01  8.72996274e-01 
 8.74000000e-01  8.73996247e-01 
 8.75000000e-01  8.74996220e-01 
 8.76000000e-01  8.75996193e-01 
 8.77000000e-01  8.76996165e-01 
 8.78000000e-01  8.77996138e-01 
 8.79000000e-01  8.78996110e-01 
 8.80000000e-01  8.79996082e-01 
 8.81000000e-01  8.80996054e-01 
 8.82000000e-01  8.81996026e-01 
 8.83000000e-01  8.82995998e-01 
 8.84000000e-01  8.83995970e-01 
 8.85000000e-01  8.84995942e-01 
 8.86000000e-01  8.85995914e-01 
 8.87000000e-01  8.86995885e-01 
 8.88000000e-01  8.87995857e-01 
 8.89000000e-01  8.88995828e-01 
 8.90000000e-01  8.89995800e-01 
 8.91000000e-01  8.90995771e-01 
 8.92000000e-01  8.91995742e-01 
 8.93000000e-01  8.92995713e-01 
 8.94000000e-01  8.93995684e-01 
 8.95000000e-01  8.94995655e-01 
 8.96000000e-01  8.95995626e-01 
 8.97000000e-01  8.96995596e-01 
 8.98000000e-01  8.97995567e-01 
 8.99000000e-01  8.98995537e-01 
 9.00000000e-01  8.99995508e-01 
 9.01000000e-01  9.00995478e-01 
 9.02000000e-01  9.01995448e-01 
 9.03000000e-01  9.02995419e-01 
 9.04000000e-01  9.03995389e-01 
 9.05000000e-01  9.04995359e-01 
 9.06000000e-01  9.05995328e-01 
 9.07000000e-01  9.06995298e-01 
 9.08000000e-01  9.07995268e-01 
 9.09000000e-01  9.08995238e-01 
 9.10000000e-01  9.09995207e-01 
 9.11000000e-01  9.10995176e-01 
 9.12000000e-01  9.11995146e-01 
 9.13000000e-01  9.12995115e-01 
 9.14000000e-01  9.13995084e-01 
 9.15000000e-01  9.14995053e-01 
 9.16000000e-01  9.15995022e-01 
 9.17000000e-01  9.16994991e-01 
 9.18000000e-01  9.17994960e-01 
 9.19000000e-01  9.18994929e-01 
 9.20000000e-01  9.19994897e-01 
 9.21000000e-01  9.20994866e-01 
 9.22000000e-01  9.21994834e-01 
 9.23000000e-01  9.22994803e-01 
 9.24000000e-01  9.23994771e-01 
 9.25000000e-01  9.24994739e-01 
 9.26000000e-01  9.25994708e-01 
 9.27000000e-01  9.26994676e-01 
 9.28000000e-01  9.27994644e-01 
 9.29000000e-01  9.28994611e-01 
 9.30000000e-01  9.29994579e-01 
 9.31000000e-01  9.30994547e-01 
 9.32000000e-01  9.31994515e-01 
 9.33000000e-01  9.32994482e-01 
 9.34000000e-01  9.33994450e-01 
 9.35000000e-01  9.34994417e-01 
 9.36000000e-01  9.35994384e-01 
 9.37000000e-01  9.36994351e-01 
 9.38000000e-01  9.37994319e-01 
 9.39000000e-01  9.38994286e-01 
 9.40000000e-01  9.39994252e-01 
 9.41000000e-01  9.40994219e-01 
 9.42000000e-01  9.41994186e-01 
 9.43000000e-01  9.42994153e-01 
 9.44000000e-01  9.43994119e-01 
 9.45000000e-01  9.44994086e-01 
 9.46000000e-01  9.45994052e-01 
 9.47000000e-01  9.46994019e-01 
 9.48000000e-01  9.47993985e-01 
 9.49000000e-01  9.48993951e-01 
 9.50000000e-01  9.49993917e-01 
 9.51000000e-01  9.50993883e-01 
 9.52000000e-01  9.51993849e-01 
 9.53000000e-01  9.52993815e-01 
 9.54000000e-01  9.53993781e-01 
 9.55000000e-01  9.54993747e-01 
 9.56000000e-01  9.55993712e-01 
 9.57000000e-01  9.56993678e-01 
 9.58000000e-01  9.57993643e-01 
 9.59000000e-01  9.58993609e-01 
 9.60000000e-01  9.59993574e-01 
 9.61000000e-01  9.60993539e-01 
 9.62000000e-01  9.61993505e-01 
 9.63000000e-01  9.62993470e-01 
 9.64000000e-01  9.63993435e-01 
 9.65000000e-01  9.64993400e-01 
 9.66000000e-01  9.65993364e-01 
 9.67000000e-01  9.66993329e-01 
 9.68000000e-01  9.67993294e-01 
 9.69000000e-01  9.68993258e-01 
 9.70000000e-01  9.69993223e-01 
 9.71000000e-01  9.70993187e-01 
 9.72000000e-01  9.71993152e-01 
 9.73000000e-01  9.72993116e-01 
 9.74000000e-01  9.73993080e-01 
 9.75000000e-01  9.74993044e-01 
 9.76000000e-01  9.75993008e-01 
 9.77000000e-01  9.76992972e-01 
 9.78000000e-01  9.77992936e-01 
 9.79000000e-01  9.78992900e-01 
 9.80000000e-01  9.79992864e-01 
 9.81000000e-01  9.80992827e-01 
 9.82000000e-01  9.81992791e-01 
 9.83000000e-01  9.82992754e-01 
 9.84000000e-01  9.83992718e-01 
 9.85000000e-01  9.84992681e-01 
 9.86000000e-01  9.85992644e-01 
 9.87000000e-01  9.86992608e-01 
 9.88000000e-01  9.87992571e-01 
 9.89000000e-01  9.88992534e-01 
 9.90000000e-01  9.89992497e-01 
 9.91000000e-01  9.90992460e-01 
 9.92000000e-01  9.91992422e-01 
 9.93000000e-01  9.92992385e-01 
 9.94000000e-01  9.93992348e-01 
 9.95000000e-01  9.94992310e-01 
 9.96000000e-01  9.95992273e-01 
 9.97000000e-01  9.96992235e-01 
 9.98000000e-01  9.97992198e-01 
 9.99000000e-01  9.98992160e-01 
 1.00000000e+00  9.99992122e-01 
