 0.00000000e+00  2.64200753e+01 
 1.00000000e-03  2.64199883e+01 
 2.00000000e-03  2.64199000e+01 
 3.00000000e-03  2.64198107e+01 
 4.00000000e-03  2.64197201e+01 
 5.00000000e-03  2.64196284e+01 
 6.00000000e-03  2.64195355e+01 
 7.00000000e-03  2.64194413e+01 
 8.00000000e-03  2.64193459e+01 
 9.00000000e-03  2.64192493e+01 
 1.00000000e-02  2.64191514e+01 
 1.10000000e-02  2.64190522e+01 
 1.20000000e-02  2.64189517e+01 
 1.30000000e-02  2.64188498e+01 
 1.40000000e-02  2.64187467e+01 
 1.50000000e-02  2.64186422e+01 
 1.60000000e-02  2.64185363e+01 
 1.70000000e-02  2.64184290e+01 
 1.80000000e-02  2.64183203e+01 
 1.90000000e-02  2.64182102e+01 
 2.00000000e-02  2.64180986e+01 
 2.10000000e-02  2.64179856e+01 
 2.20000000e-02  2.64178711e+01 
 2.30000000e-02  2.64177550e+01 
 2.40000000e-02  2.64176375e+01 
 2.50000000e-02  2.64175184e+01 
 2.60000000e-02  2.64173977e+01 
 2.70000000e-02  2.64172754e+01 
 2.80000000e-02  2.64171516e+01 
 2.90000000e-02  2.64170261e+01 
 3.00000000e-02  2.64168989e+01 
 3.10000000e-02  2.64167701e+01 
 3.20000000e-02  2.64166396e+01 
 3.30000000e-02  2.64165074e+01 
 3.40000000e-02  2.64163734e+01 
 3.50000000e-02  2.64162377e+01 
 3.60000000e-02  2.64161001e+01 
 3.70000000e-02  2.64159608e+01 
 3.80000000e-02  2.64158196e+01 
 3.90000000e-02  2.64156766e+01 
 4.00000000e-02  2.64155317e+01 
 4.10000000e-02  2.64153849e+01 
 4.20000000e-02  2.64152361e+01 
 4.30000000e-02  2.64150854e+01 
 4.40000000e-02  2.64149327e+01 
 4.50000000e-02  2.64147780e+01 
 4.60000000e-02  2.64146213e+01 
 4.70000000e-02  2.64144625e+01 
 4.80000000e-02  2.64143015e+01 
 4.90000000e-02  2.64141385e+01 
 5.00000000e-02  2.64139733e+01 
 5.10000000e-02  2.64138060e+01 
 5.20000000e-02  2.64136364e+01 
 5.30000000e-02  2.64134647e+01 
 5.40000000e-02  2.64132906e+01 
 5.50000000e-02  2.64131143e+01 
 5.60000000e-02  2.64129356e+01 
 5.70000000e-02  2.64127546e+01 
 5.80000000e-02  2.64125711e+01 
 5.90000000e-02  2.64123853e+01 
 6.00000000e-02  2.64121970e+01 
 6.10000000e-02  2.64120063e+01 
 6.20000000e-02  2.64118130e+01 
 6.30000000e-02  2.64116172e+01 
 6.40000000e-02  2.64114188e+01 
 6.50000000e-02  2.64112177e+01 
 6.60000000e-02  2.64110141e+01 
 6.70000000e-02  2.64108077e+01 
 6.80000000e-02  2.64105986e+01 
 6.90000000e-02  2.64103868e+01 
 7.00000000e-02  2.64101722e+01 
 7.10000000e-02  2.64099547e+01 
 7.20000000e-02  2.64097344e+01 
 7.30000000e-02  2.64095111e+01 
 7.40000000e-02  2.64092850e+01 
 7.50000000e-02  2.64090558e+01 
 7.60000000e-02  2.64088236e+01 
 7.70000000e-02  2.64085884e+01 
 7.80000000e-02  2.64083501e+01 
 7.90000000e-02  2.64081086e+01 
 8.00000000e-02  2.64078639e+01 
 8.10000000e-02  2.64076160e+01 
 8.20000000e-02  2.64073649e+01 
 8.30000000e-02  2.64071104e+01 
 8.40000000e-02  2.64068525e+01 
 8.50000000e-02  2.64065913e+01 
 8.60000000e-02  2.64063266e+01 
 8.70000000e-02  2.64060585e+01 
 8.80000000e-02  2.64057868e+01 
 8.90000000e-02  2.64055115e+01 
 9.00000000e-02  2.64052326e+01 
 9.10000000e-02  2.64049500e+01 
 9.20000000e-02  2.64046637e+01 
 9.30000000e-02  2.64043736e+01 
 9.40000000e-02  2.64040797e+01 
 9.50000000e-02  2.64037819e+01 
 9.60000000e-02  2.64034802e+01 
 9.70000000e-02  2.64031745e+01 
 9.80000000e-02  2.64028647e+01 
 9.90000000e-02  2.64025509e+01 
 1.00000000e-01  2.64022330e+01 
 1.01000000e-01  2.64019109e+01 
 1.02000000e-01  2.64015845e+01 
 1.03000000e-01  2.64012538e+01 
 1.04000000e-01  2.64009188e+01 
 1.05000000e-01  2.64005793e+01 
 1.06000000e-01  2.64002354e+01 
 1.07000000e-01  2.63998869e+01 
 1.08000000e-01  2.63995339e+01 
 1.09000000e-01  2.63991761e+01 
 1.10000000e-01  2.63988137e+01 
 1.11000000e-01  2.63984465e+01 
 1.12000000e-01  2.63980745e+01 
 1.13000000e-01  2.63976976e+01 
 1.14000000e-01  2.63973157e+01 
 1.15000000e-01  2.63969287e+01 
 1.16000000e-01  2.63965367e+01 
 1.17000000e-01  2.63961395e+01 
 1.18000000e-01  2.63957371e+01 
 1.19000000e-01  2.63953293e+01 
 1.20000000e-01  2.63949162e+01 
 1.21000000e-01  2.63944977e+01 
 1.22000000e-01  2.63940737e+01 
 1.23000000e-01  2.63936440e+01 
 1.24000000e-01  2.63932087e+01 
 1.25000000e-01  2.63927677e+01 
 1.26000000e-01  2.63923209e+01 
 1.27000000e-01  2.63918682e+01 
 1.28000000e-01  2.63914095e+01 
 1.29000000e-01  2.63909448e+01 
 1.30000000e-01  2.63904740e+01 
 1.31000000e-01  2.63899970e+01 
 1.32000000e-01  2.63895137e+01 
 1.33000000e-01  2.63890240e+01 
 1.34000000e-01  2.63885279e+01 
 1.35000000e-01  2.63880253e+01 
 1.36000000e-01  2.63875161e+01 
 1.37000000e-01  2.63870002e+01 
 1.38000000e-01  2.63864775e+01 
 1.39000000e-01  2.63859479e+01 
 1.40000000e-01  2.63854113e+01 
 1.41000000e-01  2.63848677e+01 
 1.42000000e-01  2.63843170e+01 
 1.43000000e-01  2.63837590e+01 
 1.44000000e-01  2.63831936e+01 
 1.45000000e-01  2.63826209e+01 
 1.46000000e-01  2.63820406e+01 
 1.47000000e-01  2.63814527e+01 
 1.48000000e-01  2.63808571e+01 
 1.49000000e-01  2.63802536e+01 
 1.50000000e-01  2.63796423e+01 
 1.51000000e-01  2.63790228e+01 
 1.52000000e-01  2.63783953e+01 
 1.53000000e-01  2.63777595e+01 
 1.54000000e-01  2.63771154e+01 
 1.55000000e-01  2.63764628e+01 
 1.56000000e-01  2.63758017e+01 
 1.57000000e-01  2.63751318e+01 
 1.58000000e-01  2.63744532e+01 
 1.59000000e-01  2.63737657e+01 
 1.60000000e-01  2.63730692e+01 
 1.61000000e-01  2.63723635e+01 
 1.62000000e-01  2.63716486e+01 
 1.63000000e-01  2.63709243e+01 
 1.64000000e-01  2.63701905e+01 
 1.65000000e-01  2.63694471e+01 
 1.66000000e-01  2.63686940e+01 
 1.67000000e-01  2.63679310e+01 
 1.68000000e-01  2.63671579e+01 
 1.69000000e-01  2.63663748e+01 
 1.70000000e-01  2.63655814e+01 
 1.71000000e-01  2.63647776e+01 
 1.72000000e-01  2.63639633e+01 
 1.73000000e-01  2.63631384e+01 
 1.74000000e-01  2.63623026e+01 
 1.75000000e-01  2.63614559e+01 
 1.76000000e-01  2.63605981e+01 
 1.77000000e-01  2.63597291e+01 
 1.78000000e-01  2.63588488e+01 
 1.79000000e-01  2.63579569e+01 
 1.80000000e-01  2.63570534e+01 
 1.81000000e-01  2.63561380e+01 
 1.82000000e-01  2.63552107e+01 
 1.83000000e-01  2.63542713e+01 
 1.84000000e-01  2.63533196e+01 
 1.85000000e-01  2.63523555e+01 
 1.86000000e-01  2.63513788e+01 
 1.87000000e-01  2.63503894e+01 
 1.88000000e-01  2.63493870e+01 
 1.89000000e-01  2.63483716e+01 
 1.90000000e-01  2.63473429e+01 
 1.91000000e-01  2.63463008e+01 
 1.92000000e-01  2.63452451e+01 
 1.93000000e-01  2.63441757e+01 
 1.94000000e-01  2.63430923e+01 
 1.95000000e-01  2.63419948e+01 
 1.96000000e-01  2.63408830e+01 
 1.97000000e-01  2.63397567e+01 
 1.98000000e-01  2.63386158e+01 
 1.99000000e-01  2.63374600e+01 
 2.00000000e-01  2.63362892e+01 
 2.01000000e-01  2.63351032e+01 
 2.02000000e-01  2.63339017e+01 
 2.03000000e-01  2.63326846e+01 
 2.04000000e-01  2.63314517e+01 
 2.05000000e-01  2.63302027e+01 
 2.06000000e-01  2.63289376e+01 
 2.07000000e-01  2.63276560e+01 
 2.08000000e-01  2.63263578e+01 
 2.09000000e-01  2.63250427e+01 
 2.10000000e-01  2.63237106e+01 
 2.11000000e-01  2.63223611e+01 
 2.12000000e-01  2.63209942e+01 
 2.13000000e-01  2.63196096e+01 
 2.14000000e-01  2.63182070e+01 
 2.15000000e-01  2.63167863e+01 
 2.16000000e-01  2.63153472e+01 
 2.17000000e-01  2.63138894e+01 
 2.18000000e-01  2.63124128e+01 
 2.19000000e-01  2.63109171e+01 
 2.20000000e-01  2.63094020e+01 
 2.21000000e-01  2.63078673e+01 
 2.22000000e-01  2.63063129e+01 
 2.23000000e-01  2.63047383e+01 
 2.24000000e-01  2.63031434e+01 
 2.25000000e-01  2.63015279e+01 
 2.26000000e-01  2.62998916e+01 
 2.27000000e-01  2.62982342e+01 
 2.28000000e-01  2.62965554e+01 
 2.29000000e-01  2.62948550e+01 
 2.30000000e-01  2.62931327e+01 
 2.31000000e-01  2.62913882e+01 
 2.32000000e-01  2.62896212e+01 
 2.33000000e-01  2.62878315e+01 
 2.34000000e-01  2.62860188e+01 
 2.35000000e-01  2.62841828e+01 
 2.36000000e-01  2.62823232e+01 
 2.37000000e-01  2.62804397e+01 
 2.38000000e-01  2.62785321e+01 
 2.39000000e-01  2.62766000e+01 
 2.40000000e-01  2.62746431e+01 
 2.41000000e-01  2.62726611e+01 
 2.42000000e-01  2.62706537e+01 
 2.43000000e-01  2.62686206e+01 
 2.44000000e-01  2.62665615e+01 
 2.45000000e-01  2.62644760e+01 
 2.46000000e-01  2.62623639e+01 
 2.47000000e-01  2.62602248e+01 
 2.48000000e-01  2.62580583e+01 
 2.49000000e-01  2.62558643e+01 
 2.50000000e-01  2.62536422e+01 
 2.51000000e-01  2.62513917e+01 
 2.52000000e-01  2.62491126e+01 
 2.53000000e-01  2.62468045e+01 
 2.54000000e-01  2.62444670e+01 
 2.55000000e-01  2.62420997e+01 
 2.56000000e-01  2.62397023e+01 
 2.57000000e-01  2.62372745e+01 
 2.58000000e-01  2.62348158e+01 
 2.59000000e-01  2.62323259e+01 
 2.60000000e-01  2.62298045e+01 
 2.61000000e-01  2.62272510e+01 
 2.62000000e-01  2.62246652e+01 
 2.63000000e-01  2.62220467e+01 
 2.64000000e-01  2.62193951e+01 
 2.65000000e-01  2.62167099e+01 
 2.66000000e-01  2.62139908e+01 
 2.67000000e-01  2.62112374e+01 
 2.68000000e-01  2.62084492e+01 
 2.69000000e-01  2.62056258e+01 
 2.70000000e-01  2.62027669e+01 
 2.71000000e-01  2.61998720e+01 
 2.72000000e-01  2.61969407e+01 
 2.73000000e-01  2.61939725e+01 
 2.74000000e-01  2.61909670e+01 
 2.75000000e-01  2.61879238e+01 
 2.76000000e-01  2.61848424e+01 
 2.77000000e-01  2.61817224e+01 
 2.78000000e-01  2.61785633e+01 
 2.79000000e-01  2.61753647e+01 
 2.80000000e-01  2.61721261e+01 
 2.81000000e-01  2.61688470e+01 
 2.82000000e-01  2.61655270e+01 
 2.83000000e-01  2.61621656e+01 
 2.84000000e-01  2.61587623e+01 
 2.85000000e-01  2.61553166e+01 
 2.86000000e-01  2.61518281e+01 
 2.87000000e-01  2.61482962e+01 
 2.88000000e-01  2.61447205e+01 
 2.89000000e-01  2.61411004e+01 
 2.90000000e-01  2.61374355e+01 
 2.91000000e-01  2.61337251e+01 
 2.92000000e-01  2.61299689e+01 
 2.93000000e-01  2.61261663e+01 
 2.94000000e-01  2.61223167e+01 
 2.95000000e-01  2.61184196e+01 
 2.96000000e-01  2.61144745e+01 
 2.97000000e-01  2.61104809e+01 
 2.98000000e-01  2.61064382e+01 
 2.99000000e-01  2.61023458e+01 
 3.00000000e-01  2.60982033e+01 
 3.01000000e-01  2.60940099e+01 
 3.02000000e-01  2.60897653e+01 
 3.03000000e-01  2.60854687e+01 
 3.04000000e-01  2.60811197e+01 
 3.05000000e-01  2.60767176e+01 
 3.06000000e-01  2.60722619e+01 
 3.07000000e-01  2.60677519e+01 
 3.08000000e-01  2.60631872e+01 
 3.09000000e-01  2.60585670e+01 
 3.10000000e-01  2.60538908e+01 
 3.11000000e-01  2.60491580e+01 
 3.12000000e-01  2.60443679e+01 
 3.13000000e-01  2.60395200e+01 
 3.14000000e-01  2.60346137e+01 
 3.15000000e-01  2.60296482e+01 
 3.16000000e-01  2.60246230e+01 
 3.17000000e-01  2.60195374e+01 
 3.18000000e-01  2.60143908e+01 
 3.19000000e-01  2.60091826e+01 
 3.20000000e-01  2.60039120e+01 
 3.21000000e-01  2.59985786e+01 
 3.22000000e-01  2.59931815e+01 
 3.23000000e-01  2.59877201e+01 
 3.24000000e-01  2.59821938e+01 
 3.25000000e-01  2.59766019e+01 
 3.26000000e-01  2.59709437e+01 
 3.27000000e-01  2.59652185e+01 
 3.28000000e-01  2.59594257e+01 
 3.29000000e-01  2.59535645e+01 
 3.30000000e-01  2.59476344e+01 
 3.31000000e-01  2.59416345e+01 
 3.32000000e-01  2.59355642e+01 
 3.33000000e-01  2.59294227e+01 
 3.34000000e-01  2.59232095e+01 
 3.35000000e-01  2.59169237e+01 
 3.36000000e-01  2.59105646e+01 
 3.37000000e-01  2.59041316e+01 
 3.38000000e-01  2.58976238e+01 
 3.39000000e-01  2.58910407e+01 
 3.40000000e-01  2.58843814e+01 
 3.41000000e-01  2.58776452e+01 
 3.42000000e-01  2.58708314e+01 
 3.43000000e-01  2.58639393e+01 
 3.44000000e-01  2.58569681e+01 
 3.45000000e-01  2.58499170e+01 
 3.46000000e-01  2.58427854e+01 
 3.47000000e-01  2.58355725e+01 
 3.48000000e-01  2.58282775e+01 
 3.49000000e-01  2.58208996e+01 
 3.50000000e-01  2.58134382e+01 
 3.51000000e-01  2.58058924e+01 
 3.52000000e-01  2.57982616e+01 
 3.53000000e-01  2.57905449e+01 
 3.54000000e-01  2.57827415e+01 
 3.55000000e-01  2.57748508e+01 
 3.56000000e-01  2.57668719e+01 
 3.57000000e-01  2.57588042e+01 
 3.58000000e-01  2.57506467e+01 
 3.59000000e-01  2.57423988e+01 
 3.60000000e-01  2.57340597e+01 
 3.61000000e-01  2.57256287e+01 
 3.62000000e-01  2.57171048e+01 
 3.63000000e-01  2.57084875e+01 
 3.64000000e-01  2.56997759e+01 
 3.65000000e-01  2.56909692e+01 
 3.66000000e-01  2.56820667e+01 
 3.67000000e-01  2.56730676e+01 
 3.68000000e-01  2.56639712e+01 
 3.69000000e-01  2.56547767e+01 
 3.70000000e-01  2.56454832e+01 
 3.71000000e-01  2.56360902e+01 
 3.72000000e-01  2.56265968e+01 
 3.73000000e-01  2.56170022e+01 
 3.74000000e-01  2.56073057e+01 
 3.75000000e-01  2.55975066e+01 
 3.76000000e-01  2.55876040e+01 
 3.77000000e-01  2.55775974e+01 
 3.78000000e-01  2.55674858e+01 
 3.79000000e-01  2.55572687e+01 
 3.80000000e-01  2.55469452e+01 
 3.81000000e-01  2.55365146e+01 
 3.82000000e-01  2.55259762e+01 
 3.83000000e-01  2.55153293e+01 
 3.84000000e-01  2.55045732e+01 
 3.85000000e-01  2.54937071e+01 
 3.86000000e-01  2.54827305e+01 
 3.87000000e-01  2.54716425e+01 
 3.88000000e-01  2.54604425e+01 
 3.89000000e-01  2.54491298e+01 
 3.90000000e-01  2.54377037e+01 
 3.91000000e-01  2.54261637e+01 
 3.92000000e-01  2.54145090e+01 
 3.93000000e-01  2.54027389e+01 
 3.94000000e-01  2.53908529e+01 
 3.95000000e-01  2.53788503e+01 
 3.96000000e-01  2.53667306e+01 
 3.97000000e-01  2.53544930e+01 
 3.98000000e-01  2.53421370e+01 
 3.99000000e-01  2.53296621e+01 
 4.00000000e-01  2.53170676e+01 
 4.01000000e-01  2.53043530e+01 
 4.02000000e-01  2.52915177e+01 
 4.03000000e-01  2.52785612e+01 
 4.04000000e-01  2.52654830e+01 
 4.05000000e-01  2.52522826e+01 
 4.06000000e-01  2.52389595e+01 
 4.07000000e-01  2.52255132e+01 
 4.08000000e-01  2.52119432e+01 
 4.09000000e-01  2.51982491e+01 
 4.10000000e-01  2.51844305e+01 
 4.11000000e-01  2.51704869e+01 
 4.12000000e-01  2.51564180e+01 
 4.13000000e-01  2.51422234e+01 
 4.14000000e-01  2.51279026e+01 
 4.15000000e-01  2.51134555e+01 
 4.16000000e-01  2.50988816e+01 
 4.17000000e-01  2.50841806e+01 
 4.18000000e-01  2.50693523e+01 
 4.19000000e-01  2.50543964e+01 
 4.20000000e-01  2.50393126e+01 
 4.21000000e-01  2.50241008e+01 
 4.22000000e-01  2.50087607e+01 
 4.23000000e-01  2.49932922e+01 
 4.24000000e-01  2.49776951e+01 
 4.25000000e-01  2.49619692e+01 
 4.26000000e-01  2.49461146e+01 
 4.27000000e-01  2.49301310e+01 
 4.28000000e-01  2.49140185e+01 
 4.29000000e-01  2.48977770e+01 
 4.30000000e-01  2.48814065e+01 
 4.31000000e-01  2.48649070e+01 
 4.32000000e-01  2.48482787e+01 
 4.33000000e-01  2.48315215e+01 
 4.34000000e-01  2.48146355e+01 
 4.35000000e-01  2.47976210e+01 
 4.36000000e-01  2.47804780e+01 
 4.37000000e-01  2.47632067e+01 
 4.38000000e-01  2.47458075e+01 
 4.39000000e-01  2.47282805e+01 
 4.40000000e-01  2.47106260e+01 
 4.41000000e-01  2.46928443e+01 
 4.42000000e-01  2.46749358e+01 
 4.43000000e-01  2.46569008e+01 
 4.44000000e-01  2.46387398e+01 
 4.45000000e-01  2.46204532e+01 
 4.46000000e-01  2.46020415e+01 
 4.47000000e-01  2.45835051e+01 
 4.48000000e-01  2.45648446e+01 
 4.49000000e-01  2.45460607e+01 
 4.50000000e-01  2.45271538e+01 
 4.51000000e-01  2.45081247e+01 
 4.52000000e-01  2.44889739e+01 
 4.53000000e-01  2.44697023e+01 
 4.54000000e-01  2.44503105e+01 
 4.55000000e-01  2.44307994e+01 
 4.56000000e-01  2.44111697e+01 
 4.57000000e-01  2.43914223e+01 
 4.58000000e-01  2.43715581e+01 
 4.59000000e-01  2.43515779e+01 
 4.60000000e-01  2.43314828e+01 
 4.61000000e-01  2.43112737e+01 
 4.62000000e-01  2.42909516e+01 
 4.63000000e-01  2.42705177e+01 
 4.64000000e-01  2.42499729e+01 
 4.65000000e-01  2.42293184e+01 
 4.66000000e-01  2.42085553e+01 
 4.67000000e-01  2.41876849e+01 
 4.68000000e-01  2.41667083e+01 
 4.69000000e-01  2.41456268e+01 
 4.70000000e-01  2.41244418e+01 
 4.71000000e-01  2.41031544e+01 
 4.72000000e-01  2.40817661e+01 
 4.73000000e-01  2.40602782e+01 
 4.74000000e-01  2.40386922e+01 
 4.75000000e-01  2.40170094e+01 
 4.76000000e-01  2.39952314e+01 
 4.77000000e-01  2.39733596e+01 
 4.78000000e-01  2.39513955e+01 
 4.79000000e-01  2.39293408e+01 
 4.80000000e-01  2.39071969e+01 
 4.81000000e-01  2.38849654e+01 
 4.82000000e-01  2.38626481e+01 
 4.83000000e-01  2.38402465e+01 
 4.84000000e-01  2.38177622e+01 
 4.85000000e-01  2.37951970e+01 
 4.86000000e-01  2.37725526e+01 
 4.87000000e-01  2.37498306e+01 
 4.88000000e-01  2.37270329e+01 
 4.89000000e-01  2.37041611e+01 
 4.90000000e-01  2.36812169e+01 
 4.91000000e-01  2.36582023e+01 
 4.92000000e-01  2.36351189e+01 
 4.93000000e-01  2.36119685e+01 
 4.94000000e-01  2.35887530e+01 
 4.95000000e-01  2.35654740e+01 
 4.96000000e-01  2.35421335e+01 
 4.97000000e-01  2.35187332e+01 
 4.98000000e-01  2.34952749e+01 
 4.99000000e-01  2.34717603e+01 
 5.00000000e-01  2.34481914e+01 
 5.01000000e-01  2.34245698e+01 
 5.02000000e-01  2.34008973e+01 
 5.03000000e-01  2.33771757e+01 
 5.04000000e-01  2.33534067e+01 
 5.05000000e-01  2.33295921e+01 
 5.06000000e-01  2.33057334e+01 
 5.07000000e-01  2.32818325e+01 
 5.08000000e-01  2.32578910e+01 
 5.09000000e-01  2.32339104e+01 
 5.10000000e-01  2.32098924e+01 
 5.11000000e-01  2.31858386e+01 
 5.12000000e-01  2.31617505e+01 
 5.13000000e-01  2.31376295e+01 
 5.14000000e-01  2.31134771e+01 
 5.15000000e-01  2.30892947e+01 
 5.16000000e-01  2.30650837e+01 
 5.17000000e-01  2.30408454e+01 
 5.18000000e-01  2.30165811e+01 
 5.19000000e-01  2.29922918e+01 
 5.20000000e-01  2.29679789e+01 
 5.21000000e-01  2.29436433e+01 
 5.22000000e-01  2.29192860e+01 
 5.23000000e-01  2.28949081e+01 
 5.24000000e-01  2.28705104e+01 
 5.25000000e-01  2.28460937e+01 
 5.26000000e-01  2.28216588e+01 
 5.27000000e-01  2.27972062e+01 
 5.28000000e-01  2.27727367e+01 
 5.29000000e-01  2.27482506e+01 
 5.30000000e-01  2.27237483e+01 
 5.31000000e-01  2.26992302e+01 
 5.32000000e-01  2.26746966e+01 
 5.33000000e-01  2.26501474e+01 
 5.34000000e-01  2.26255828e+01 
 5.35000000e-01  2.26010026e+01 
 5.36000000e-01  2.25764068e+01 
 5.37000000e-01  2.25517950e+01 
 5.38000000e-01  2.25271669e+01 
 5.39000000e-01  2.25025219e+01 
 5.40000000e-01  2.24778594e+01 
 5.41000000e-01  2.24531787e+01 
 5.42000000e-01  2.24284791e+01 
 5.43000000e-01  2.24037595e+01 
 5.44000000e-01  2.23790189e+01 
 5.45000000e-01  2.23542560e+01 
 5.46000000e-01  2.23294697e+01 
 5.47000000e-01  2.23046584e+01 
 5.48000000e-01  2.22798205e+01 
 5.49000000e-01  2.22549545e+01 
 5.50000000e-01  2.22300585e+01 
 5.51000000e-01  2.22051306e+01 
 5.52000000e-01  2.21801686e+01 
 5.53000000e-01  2.21551705e+01 
 5.54000000e-01  2.21301339e+01 
 5.55000000e-01  2.21050564e+01 
 5.56000000e-01  2.20799353e+01 
 5.57000000e-01  2.20547681e+01 
 5.58000000e-01  2.20295518e+01 
 5.59000000e-01  2.20042836e+01 
 5.60000000e-01  2.19789603e+01 
 5.61000000e-01  2.19535787e+01 
 5.62000000e-01  2.19281356e+01 
 5.63000000e-01  2.19026274e+01 
 5.64000000e-01  2.18770507e+01 
 5.65000000e-01  2.18514017e+01 
 5.66000000e-01  2.18256766e+01 
 5.67000000e-01  2.17998715e+01 
 5.68000000e-01  2.17739825e+01 
 5.69000000e-01  2.17480052e+01 
 5.70000000e-01  2.17219356e+01 
 5.71000000e-01  2.16957693e+01 
 5.72000000e-01  2.16695018e+01 
 5.73000000e-01  2.16431285e+01 
 5.74000000e-01  2.16166449e+01 
 5.75000000e-01  2.15900463e+01 
 5.76000000e-01  2.15633277e+01 
 5.77000000e-01  2.15364843e+01 
 5.78000000e-01  2.15095112e+01 
 5.79000000e-01  2.14824033e+01 
 5.80000000e-01  2.14551555e+01 
 5.81000000e-01  2.14277625e+01 
 5.82000000e-01  2.14002193e+01 
 5.83000000e-01  2.13725204e+01 
 5.84000000e-01  2.13446606e+01 
 5.85000000e-01  2.13166344e+01 
 5.86000000e-01  2.12884365e+01 
 5.87000000e-01  2.12600613e+01 
 5.88000000e-01  2.12315035e+01 
 5.89000000e-01  2.12027574e+01 
 5.90000000e-01  2.11738176e+01 
 5.91000000e-01  2.11446786e+01 
 5.92000000e-01  2.11153348e+01 
 5.93000000e-01  2.10857806e+01 
 5.94000000e-01  2.10560106e+01 
 5.95000000e-01  2.10260193e+01 
 5.96000000e-01  2.09958011e+01 
 5.97000000e-01  2.09653506e+01 
 5.98000000e-01  2.09346624e+01 
 5.99000000e-01  2.09037310e+01 
 6.00000000e-01  2.08725512e+01 
 6.01000000e-01  2.08411176e+01 
 6.02000000e-01  2.08094250e+01 
 6.03000000e-01  2.07774682e+01 
 6.04000000e-01  2.07452421e+01 
 6.05000000e-01  2.07127417e+01 
 6.06000000e-01  2.06799620e+01 
 6.07000000e-01  2.06468982e+01 
 6.08000000e-01  2.06135454e+01 
 6.09000000e-01  2.05798991e+01 
 6.10000000e-01  2.05459546e+01 
 6.11000000e-01  2.05117075e+01 
 6.12000000e-01  2.04771534e+01 
 6.13000000e-01  2.04422882e+01 
 6.14000000e-01  2.04071077e+01 
 6.15000000e-01  2.03716079e+01 
 6.16000000e-01  2.03357850e+01 
 6.17000000e-01  2.02996353e+01 
 6.18000000e-01  2.02631552e+01 
 6.19000000e-01  2.02263414e+01 
 6.20000000e-01  2.01891906e+01 
 6.21000000e-01  2.01516997e+01 
 6.22000000e-01  2.01138657e+01 
 6.23000000e-01  2.00756858e+01 
 6.24000000e-01  2.00371575e+01 
 6.25000000e-01  1.99982783e+01 
 6.26000000e-01  1.99590460e+01 
 6.27000000e-01  1.99194583e+01 
 6.28000000e-01  1.98795135e+01 
 6.29000000e-01  1.98392097e+01 
 6.30000000e-01  1.97985454e+01 
 6.31000000e-01  1.97575193e+01 
 6.32000000e-01  1.97161300e+01 
 6.33000000e-01  1.96743767e+01 
 6.34000000e-01  1.96322585e+01 
 6.35000000e-01  1.95897748e+01 
 6.36000000e-01  1.95469250e+01 
 6.37000000e-01  1.95037090e+01 
 6.38000000e-01  1.94601267e+01 
 6.39000000e-01  1.94161783e+01 
 6.40000000e-01  1.93718639e+01 
 6.41000000e-01  1.93271842e+01 
 6.42000000e-01  1.92821398e+01 
 6.43000000e-01  1.92367315e+01 
 6.44000000e-01  1.91909605e+01 
 6.45000000e-01  1.91448280e+01 
 6.46000000e-01  1.90983355e+01 
 6.47000000e-01  1.90514844e+01 
 6.48000000e-01  1.90042767e+01 
 6.49000000e-01  1.89567143e+01 
 6.50000000e-01  1.89087994e+01 
 6.51000000e-01  1.88605342e+01 
 6.52000000e-01  1.88119213e+01 
 6.53000000e-01  1.87629634e+01 
 6.54000000e-01  1.87136632e+01 
 6.55000000e-01  1.86640238e+01 
 6.56000000e-01  1.86140483e+01 
 6.57000000e-01  1.85637400e+01 
 6.58000000e-01  1.85131025e+01 
 6.59000000e-01  1.84621392e+01 
 6.60000000e-01  1.84108541e+01 
 6.61000000e-01  1.83592510e+01 
 6.62000000e-01  1.83073339e+01 
 6.63000000e-01  1.82551070e+01 
 6.64000000e-01  1.82025748e+01 
 6.65000000e-01  1.81497415e+01 
 6.66000000e-01  1.80966119e+01 
 6.67000000e-01  1.80431905e+01 
 6.68000000e-01  1.79894823e+01 
 6.69000000e-01  1.79354921e+01 
 6.70000000e-01  1.78812250e+01 
 6.71000000e-01  1.78266861e+01 
 6.72000000e-01  1.77718806e+01 
 6.73000000e-01  1.77168139e+01 
 6.74000000e-01  1.76614915e+01 
 6.75000000e-01  1.76059188e+01 
 6.76000000e-01  1.75501014e+01 
 6.77000000e-01  1.74940451e+01 
 6.78000000e-01  1.74377555e+01 
 6.79000000e-01  1.73812385e+01 
 6.80000000e-01  1.73244999e+01 
 6.81000000e-01  1.72675458e+01 
 6.82000000e-01  1.72103821e+01 
 6.83000000e-01  1.71530149e+01 
 6.84000000e-01  1.70954503e+01 
 6.85000000e-01  1.70376945e+01 
 6.86000000e-01  1.69797535e+01 
 6.87000000e-01  1.69216337e+01 
 6.88000000e-01  1.68633414e+01 
 6.89000000e-01  1.68048827e+01 
 6.90000000e-01  1.67462641e+01 
 6.91000000e-01  1.66874918e+01 
 6.92000000e-01  1.66285722e+01 
 6.93000000e-01  1.65695117e+01 
 6.94000000e-01  1.65103166e+01 
 6.95000000e-01  1.64509933e+01 
 6.96000000e-01  1.63915482e+01 
 6.97000000e-01  1.63319876e+01 
 6.98000000e-01  1.62723180e+01 
 6.99000000e-01  1.62125456e+01 
 7.00000000e-01  1.61526769e+01 
 7.01000000e-01  1.60927182e+01 
 7.02000000e-01  1.60326757e+01 
 7.03000000e-01  1.59725558e+01 
 7.04000000e-01  1.59123648e+01 
 7.05000000e-01  1.58521088e+01 
 7.06000000e-01  1.57917941e+01 
 7.07000000e-01  1.57314270e+01 
 7.08000000e-01  1.56710134e+01 
 7.09000000e-01  1.56105596e+01 
 7.10000000e-01  1.55500716e+01 
 7.11000000e-01  1.54895554e+01 
 7.12000000e-01  1.54290170e+01 
 7.13000000e-01  1.53684623e+01 
 7.14000000e-01  1.53078973e+01 
 7.15000000e-01  1.52473276e+01 
 7.16000000e-01  1.51867593e+01 
 7.17000000e-01  1.51261978e+01 
 7.18000000e-01  1.50656490e+01 
 7.19000000e-01  1.50051184e+01 
 7.20000000e-01  1.49446115e+01 
 7.21000000e-01  1.48841339e+01 
 7.22000000e-01  1.48236909e+01 
 7.23000000e-01  1.47632880e+01 
 7.24000000e-01  1.47029304e+01 
 7.25000000e-01  1.46426233e+01 
 7.26000000e-01  1.45823719e+01 
 7.27000000e-01  1.45221813e+01 
 7.28000000e-01  1.44620564e+01 
 7.29000000e-01  1.44020023e+01 
 7.30000000e-01  1.43420237e+01 
 7.31000000e-01  1.42821255e+01 
 7.32000000e-01  1.42223125e+01 
 7.33000000e-01  1.41625892e+01 
 7.34000000e-01  1.41029602e+01 
 7.35000000e-01  1.40434300e+01 
 7.36000000e-01  1.39840031e+01 
 7.37000000e-01  1.39246837e+01 
 7.38000000e-01  1.38654762e+01 
 7.39000000e-01  1.38063847e+01 
 7.40000000e-01  1.37474134e+01 
 7.41000000e-01  1.36885662e+01 
 7.42000000e-01  1.36298471e+01 
 7.43000000e-01  1.35712601e+01 
 7.44000000e-01  1.35128088e+01 
 7.45000000e-01  1.34544970e+01 
 7.46000000e-01  1.33963283e+01 
 7.47000000e-01  1.33383064e+01 
 7.48000000e-01  1.32804347e+01 
 7.49000000e-01  1.32227165e+01 
 7.50000000e-01  1.31651552e+01 
 7.51000000e-01  1.31077541e+01 
 7.52000000e-01  1.30505164e+01 
 7.53000000e-01  1.29934451e+01 
 7.54000000e-01  1.29365432e+01 
 7.55000000e-01  1.28798137e+01 
 7.56000000e-01  1.28232595e+01 
 7.57000000e-01  1.27668833e+01 
 7.58000000e-01  1.27106878e+01 
 7.59000000e-01  1.26546758e+01 
 7.60000000e-01  1.25988497e+01 
 7.61000000e-01  1.25432121e+01 
 7.62000000e-01  1.24877654e+01 
 7.63000000e-01  1.24325119e+01 
 7.64000000e-01  1.23774539e+01 
 7.65000000e-01  1.23225937e+01 
 7.66000000e-01  1.22679332e+01 
 7.67000000e-01  1.22134748e+01 
 7.68000000e-01  1.21592202e+01 
 7.69000000e-01  1.21051715e+01 
 7.70000000e-01  1.20513305e+01 
 7.71000000e-01  1.19976990e+01 
 7.72000000e-01  1.19442787e+01 
 7.73000000e-01  1.18910714e+01 
 7.74000000e-01  1.18380786e+01 
 7.75000000e-01  1.17853018e+01 
 7.76000000e-01  1.17327426e+01 
 7.77000000e-01  1.16804023e+01 
 7.78000000e-01  1.16282824e+01 
 7.79000000e-01  1.15763840e+01 
 7.80000000e-01  1.15247084e+01 
 7.81000000e-01  1.14732569e+01 
 7.82000000e-01  1.14220305e+01 
 7.83000000e-01  1.13710303e+01 
 7.84000000e-01  1.13202572e+01 
 7.85000000e-01  1.12697124e+01 
 7.86000000e-01  1.12193966e+01 
 7.87000000e-01  1.11693107e+01 
 7.88000000e-01  1.11194554e+01 
 7.89000000e-01  1.10698317e+01 
 7.90000000e-01  1.10204400e+01 
 7.91000000e-01  1.09712811e+01 
 7.92000000e-01  1.09223556e+01 
 7.93000000e-01  1.08736640e+01 
 7.94000000e-01  1.08252068e+01 
 7.95000000e-01  1.07769844e+01 
 7.96000000e-01  1.07289973e+01 
 7.97000000e-01  1.06812459e+01 
 7.98000000e-01  1.06337304e+01 
 7.99000000e-01  1.05864511e+01 
 8.00000000e-01  1.05394083e+01 
 8.01000000e-01  1.04926022e+01 
 8.02000000e-01  1.04460328e+01 
 8.03000000e-01  1.03997004e+01 
 8.04000000e-01  1.03536050e+01 
 8.05000000e-01  1.03077467e+01 
 8.06000000e-01  1.02621254e+01 
 8.07000000e-01  1.02167410e+01 
 8.08000000e-01  1.01715937e+01 
 8.09000000e-01  1.01266832e+01 
 8.10000000e-01  1.00820093e+01 
 8.11000000e-01  1.00375720e+01 
 8.12000000e-01  9.99337107e+00 
 8.13000000e-01  9.94940619e+00 
 8.14000000e-01  9.90567714e+00 
 8.15000000e-01  9.86218362e+00 
 8.16000000e-01  9.81892532e+00 
 8.17000000e-01  9.77590187e+00 
 8.18000000e-01  9.73311290e+00 
 8.19000000e-01  9.69055800e+00 
 8.20000000e-01  9.64823674e+00 
 8.21000000e-01  9.60614866e+00 
 8.22000000e-01  9.56429328e+00 
 8.23000000e-01  9.52267009e+00 
 8.24000000e-01  9.48127855e+00 
 8.25000000e-01  9.44011812e+00 
 8.26000000e-01  9.39918821e+00 
 8.27000000e-01  9.35848823e+00 
 8.28000000e-01  9.31801756e+00 
 8.29000000e-01  9.27777556e+00 
 8.30000000e-01  9.23776157e+00 
 8.31000000e-01  9.19797491e+00 
 8.32000000e-01  9.15841489e+00 
 8.33000000e-01  9.11908078e+00 
 8.34000000e-01  9.07997186e+00 
 8.35000000e-01  9.04108738e+00 
 8.36000000e-01  9.00242656e+00 
 8.37000000e-01  8.96398864e+00 
 8.38000000e-01  8.92577281e+00 
 8.39000000e-01  8.88777825e+00 
 8.40000000e-01  8.85000415e+00 
 8.41000000e-01  8.81244966e+00 
 8.42000000e-01  8.77511393e+00 
 8.43000000e-01  8.73799610e+00 
 8.44000000e-01  8.70109528e+00 
 8.45000000e-01  8.66441059e+00 
 8.46000000e-01  8.62794113e+00 
 8.47000000e-01  8.59168598e+00 
 8.48000000e-01  8.55564422e+00 
 8.49000000e-01  8.51981492e+00 
 8.50000000e-01  8.48419713e+00 
 8.51000000e-01  8.44878991e+00 
 8.52000000e-01  8.41359230e+00 
 8.53000000e-01  8.37860332e+00 
 8.54000000e-01  8.34382200e+00 
 8.55000000e-01  8.30924736e+00 
 8.56000000e-01  8.27487841e+00 
 8.57000000e-01  8.24071414e+00 
 8.58000000e-01  8.20675355e+00 
 8.59000000e-01  8.17299564e+00 
 8.60000000e-01  8.13943938e+00 
 8.61000000e-01  8.10608376e+00 
 8.62000000e-01  8.07292775e+00 
 8.63000000e-01  8.03997031e+00 
 8.64000000e-01  8.00721042e+00 
 8.65000000e-01  7.97464702e+00 
 8.66000000e-01  7.94227908e+00 
 8.67000000e-01  7.91010555e+00 
 8.68000000e-01  7.87812538e+00 
 8.69000000e-01  7.84633751e+00 
 8.70000000e-01  7.81474089e+00 
 8.71000000e-01  7.78333446e+00 
 8.72000000e-01  7.75211716e+00 
 8.73000000e-01  7.72108792e+00 
 8.74000000e-01  7.69024569e+00 
 8.75000000e-01  7.65958939e+00 
 8.76000000e-01  7.62911795e+00 
 8.77000000e-01  7.59883032e+00 
 8.78000000e-01  7.56872541e+00 
 8.79000000e-01  7.53880217e+00 
 8.80000000e-01  7.50905951e+00 
 8.81000000e-01  7.47949638e+00 
 8.82000000e-01  7.45011170e+00 
 8.83000000e-01  7.42090439e+00 
 8.84000000e-01  7.39187341e+00 
 8.85000000e-01  7.36301766e+00 
 8.86000000e-01  7.33433610e+00 
 8.87000000e-01  7.30582764e+00 
 8.88000000e-01  7.27749123e+00 
 8.89000000e-01  7.24932580e+00 
 8.90000000e-01  7.22133029e+00 
 8.91000000e-01  7.19350364e+00 
 8.92000000e-01  7.16584479e+00 
 8.93000000e-01  7.13835268e+00 
 8.94000000e-01  7.11102626e+00 
 8.95000000e-01  7.08386447e+00 
 8.96000000e-01  7.05686627e+00 
 8.97000000e-01  7.03003061e+00 
 8.98000000e-01  7.00335645e+00 
 8.99000000e-01  6.97684273e+00 
 9.00000000e-01  6.95048843e+00 
 9.01000000e-01  6.92429250e+00 
 9.02000000e-01  6.89825392e+00 
 9.03000000e-01  6.87237165e+00 
 9.04000000e-01  6.84664467e+00 
 9.05000000e-01  6.82107195e+00 
 9.06000000e-01  6.79565248e+00 
 9.07000000e-01  6.77038523e+00 
 9.08000000e-01  6.74526921e+00 
 9.09000000e-01  6.72030339e+00 
 9.10000000e-01  6.69548677e+00 
 9.11000000e-01  6.67081835e+00 
 9.12000000e-01  6.64629715e+00 
 9.13000000e-01  6.62192215e+00 
 9.14000000e-01  6.59769239e+00 
 9.15000000e-01  6.57360686e+00 
 9.16000000e-01  6.54966459e+00 
 9.17000000e-01  6.52586462e+00 
 9.18000000e-01  6.50220595e+00 
 9.19000000e-01  6.47868764e+00 
 9.20000000e-01  6.45530871e+00 
 9.21000000e-01  6.43206821e+00 
 9.22000000e-01  6.40896519e+00 
 9.23000000e-01  6.38599870e+00 
 9.24000000e-01  6.36316779e+00 
 9.25000000e-01  6.34047153e+00 
 9.26000000e-01  6.31790899e+00 
 9.27000000e-01  6.29547922e+00 
 9.28000000e-01  6.27318132e+00 
 9.29000000e-01  6.25101436e+00 
 9.30000000e-01  6.22897742e+00 
 9.31000000e-01  6.20706961e+00 
 9.32000000e-01  6.18529000e+00 
 9.33000000e-01  6.16363771e+00 
 9.34000000e-01  6.14211184e+00 
 9.35000000e-01  6.12071150e+00 
 9.36000000e-01  6.09943581e+00 
 9.37000000e-01  6.07828389e+00 
 9.38000000e-01  6.05725486e+00 
 9.39000000e-01  6.03634785e+00 
 9.40000000e-01  6.01556201e+00 
 9.41000000e-01  5.99489648e+00 
 9.42000000e-01  5.97435039e+00 
 9.43000000e-01  5.95392291e+00 
 9.44000000e-01  5.93361319e+00 
 9.45000000e-01  5.91342039e+00 
 9.46000000e-01  5.89334369e+00 
 9.47000000e-01  5.87338225e+00 
 9.48000000e-01  5.85353525e+00 
 9.49000000e-01  5.83380187e+00 
 9.50000000e-01  5.81418132e+00 
 9.51000000e-01  5.79467277e+00 
 9.52000000e-01  5.77527542e+00 
 9.53000000e-01  5.75598849e+00 
 9.54000000e-01  5.73681119e+00 
 9.55000000e-01  5.71774272e+00 
 9.56000000e-01  5.69878230e+00 
 9.57000000e-01  5.67992917e+00 
 9.58000000e-01  5.66118255e+00 
 9.59000000e-01  5.64254168e+00 
 9.60000000e-01  5.62400579e+00 
 9.61000000e-01  5.60557415e+00 
 9.62000000e-01  5.58724598e+00 
 9.63000000e-01  5.56902056e+00 
 9.64000000e-01  5.55089715e+00 
 9.65000000e-01  5.53287500e+00 
 9.66000000e-01  5.51495340e+00 
 9.67000000e-01  5.49713162e+00 
 9.68000000e-01  5.47940893e+00 
 9.69000000e-01  5.46178464e+00 
 9.70000000e-01  5.44425803e+00 
 9.71000000e-01  5.42682839e+00 
 9.72000000e-01  5.40949503e+00 
 9.73000000e-01  5.39225726e+00 
 9.74000000e-01  5.37511438e+00 
 9.75000000e-01  5.35806573e+00 
 9.76000000e-01  5.34111060e+00 
 9.77000000e-01  5.32424835e+00 
 9.78000000e-01  5.30747829e+00 
 9.79000000e-01  5.29079976e+00 
 9.80000000e-01  5.27421211e+00 
 9.81000000e-01  5.25771468e+00 
 9.82000000e-01  5.24130682e+00 
 9.83000000e-01  5.22498789e+00 
 9.84000000e-01  5.20875725e+00 
 9.85000000e-01  5.19261426e+00 
 9.86000000e-01  5.17655830e+00 
 9.87000000e-01  5.16058874e+00 
 9.88000000e-01  5.14470496e+00 
 9.89000000e-01  5.12890634e+00 
 9.90000000e-01  5.11319228e+00 
 9.91000000e-01  5.09756217e+00 
 9.92000000e-01  5.08201540e+00 
 9.93000000e-01  5.06655138e+00 
 9.94000000e-01  5.05116952e+00 
 9.95000000e-01  5.03586922e+00 
 9.96000000e-01  5.02064991e+00 
 9.97000000e-01  5.00551100e+00 
 9.98000000e-01  4.99045193e+00 
 9.99000000e-01  4.97547211e+00 
 1.00000000e+00  4.96057099e+00 
